[-1.3975,  -7.3727,  0.1745,  -0.1705,  -0.1006,  0.0392,  13.7476,  -31.3756,  -27.7540,  -3.1391,  9.0120,  -1.9900,  -0.0000,  2.7105,  33.4813,  0.0000,  -0.3685,  3.2533,  13.7476,  -31.3756,  -27.7540,  -3.1391,  9.0120,  -1.9900,  1.3975,  -7.3727,  0.1745,  0.1705,  -0.1006,  0.0392]
[[0.1289,  0.0130,  -0.0057,  -0.2603,  -0.2209,  -0.2604,  -0.0154,  -0.0024,  -0.0164,  0.1223,  -0.0653,  -0.2301,  0.0342,  -0.0317,  -0.0678,  -0.1123,  -0.4809,  -2.9059,  -0.0468,  -0.0040,  -0.0243,  0.1574,  -0.3792,  -0.4980,  -0.0975,  0.0211,  0.0009,  0.3642,  0.0572,  0.2462],  
 [0.0130,  0.0400,  0.0210,  0.0507,  -0.0498,  0.2078,  -0.0062,  -0.0004,  -0.0061,  0.0314,  -0.0177,  -0.1085,  -0.0140,  -0.0021,  0.0186,  0.3165,  -0.1729,  -0.4667,  -0.0076,  0.0095,  0.0085,  -0.1322,  -0.1093,  0.0114,  -0.0211,  -0.0111,  -0.0211,  -0.0445,  0.1010,  -0.2030],  
 [-0.0057,  0.0210,  0.1535,  0.1449,  -0.4776,  0.1244,  -0.0041,  -0.0234,  -0.0379,  0.4995,  0.0329,  -0.1757,  -0.0276,  -0.0024,  0.0089,  1.4886,  0.0029,  0.1264,  0.0101,  0.0241,  0.0466,  -0.5790,  -0.0094,  0.2531,  -0.0009,  -0.0211,  -0.1187,  0.0051,  0.2780,  -0.3177],  
 [-0.2603,  0.0507,  0.1449,  10.5297,  -4.2057,  -0.3583,  0.2203,  0.1442,  0.2965,  -3.4501,  1.4625,  2.5811,  0.0452,  0.3228,  1.1151,  -0.6791,  1.2382,  7.1165,  -0.0232,  0.1307,  0.1515,  -2.2927,  -0.2040,  0.4982,  0.3642,  0.0445,  -0.0051,  -3.9224,  4.2799,  -0.5161],  
 [-0.2209,  -0.0498,  -0.4776,  -4.2057,  34.4052,  -1.3930,  -0.2629,  0.0056,  -0.0744,  0.8501,  -2.9420,  -1.2790,  -0.0489,  0.0095,  0.1560,  1.2795,  -1.1071,  1.6575,  0.2870,  0.0413,  0.1279,  -1.5270,  3.7622,  2.1215,  -0.0572,  0.1010,  0.2780,  -4.2799,  -15.6940,  2.4590],  
 [-0.2604,  0.2078,  0.1244,  -0.3583,  -1.3930,  32.3250,  -0.1239,  -0.0386,  -0.1631,  1.9360,  -2.0101,  -1.9247,  -2.8288,  0.0336,  -0.0963,  5.7906,  -0.5068,  -2.0252,  0.0346,  0.0063,  0.0564,  -0.8264,  1.5207,  0.7982,  -0.2462,  -0.2030,  -0.3177,  0.5161,  2.4590,  -26.8658],  
 [-0.0154,  -0.0062,  -0.0041,  0.2203,  -0.2629,  -0.1239,  0.0739,  0.0066,  0.0342,  -0.1738,  0.4053,  0.7423,  0.0556,  0.0097,  0.0074,  -0.1772,  0.8327,  0.4793,  -0.0041,  -0.0015,  -0.0018,  0.0188,  -0.0462,  -0.0629,  0.0468,  -0.0076,  0.0101,  0.0232,  0.2870,  0.0346],  
 [-0.0024,  -0.0004,  -0.0234,  0.1442,  0.0056,  -0.0386,  0.0066,  0.0208,  0.0248,  -0.2939,  -0.0850,  0.1702,  0.0005,  0.0086,  0.0380,  -0.3720,  0.0124,  0.0910,  -0.0015,  -0.0014,  -0.0037,  0.0315,  0.0198,  -0.0240,  0.0040,  0.0095,  0.0241,  -0.1307,  0.0413,  0.0063],  
 [-0.0164,  -0.0061,  -0.0379,  0.2965,  -0.0744,  -0.1631,  0.0342,  0.0248,  0.0629,  -0.6560,  -0.0853,  0.5265,  0.0207,  0.0169,  0.0585,  -0.6453,  0.1920,  0.4967,  -0.0018,  -0.0037,  -0.0112,  0.1158,  0.0736,  -0.0547,  0.0243,  0.0085,  0.0466,  -0.1515,  0.1279,  0.0564],  
 [0.1223,  0.0314,  0.4995,  -3.4501,  0.8501,  1.9360,  -0.1738,  -0.2939,  -0.6560,  9.0979,  0.3977,  -3.4295,  -0.1081,  -0.1798,  -0.7776,  8.6433,  0.0102,  -4.5109,  0.0188,  0.0315,  0.1158,  -1.5032,  -0.1177,  0.3258,  -0.1574,  -0.1322,  -0.5790,  2.2927,  -1.5270,  -0.8264],  
 [-0.0653,  -0.0177,  0.0329,  1.4625,  -2.9420,  -2.0101,  0.4053,  -0.0850,  -0.0853,  0.3977,  9.5933,  2.3012,  0.6236,  0.0562,  -0.0100,  -1.6862,  5.7979,  3.5618,  -0.0462,  0.0198,  0.0736,  -0.1177,  -3.1885,  0.1437,  0.3792,  -0.1093,  -0.0094,  0.2040,  3.7622,  1.5207],  
 [-0.2301,  -0.1085,  -0.1757,  2.5811,  -1.2790,  -1.9247,  0.7423,  0.1702,  0.5265,  -3.4295,  2.3012,  9.6525,  0.6442,  0.1924,  0.3146,  -3.1820,  6.2862,  6.0827,  -0.0629,  -0.0240,  -0.0547,  0.3258,  0.1437,  -1.1100,  0.4980,  0.0114,  0.2531,  -0.4982,  2.1215,  0.7982],  
 [0.0342,  -0.0140,  -0.0276,  0.0452,  -0.0489,  -2.8288,  0.0556,  0.0005,  0.0207,  -0.1081,  0.6236,  0.6442,  0.4515,  -0.0000,  -0.0000,  -0.8382,  -0.0000,  -0.0000,  -0.0556,  -0.0005,  -0.0207,  0.1081,  -0.6236,  -0.6442,  0.0342,  0.0140,  0.0276,  0.0452,  0.0489,  2.8288],  
 [-0.0317,  -0.0021,  -0.0024,  0.3228,  0.0095,  0.0336,  0.0097,  0.0086,  0.0169,  -0.1798,  0.0562,  0.1924,  -0.0000,  0.1096,  0.0747,  0.0000,  0.3356,  1.1371,  0.0097,  0.0086,  0.0169,  -0.1798,  0.0562,  0.1924,  0.0317,  -0.0021,  -0.0024,  -0.3228,  0.0095,  0.0336],  
 [-0.0678,  0.0186,  0.0089,  1.1151,  0.1560,  -0.0963,  0.0074,  0.0380,  0.0585,  -0.7776,  -0.0100,  0.3146,  -0.0000,  0.0747,  0.3254,  0.0000,  -0.4686,  1.4748,  0.0074,  0.0380,  0.0585,  -0.7776,  -0.0100,  0.3146,  0.0678,  0.0186,  0.0089,  -1.1151,  0.1560,  -0.0963],  
 [-0.1123,  0.3165,  1.4886,  -0.6791,  1.2795,  5.7906,  -0.1772,  -0.3720,  -0.6453,  8.6433,  -1.6862,  -3.1820,  -0.8382,  0.0000,  0.0000,  24.8636,  0.0000,  0.0000,  0.1772,  0.3720,  0.6453,  -8.6433,  1.6862,  3.1820,  -0.1123,  -0.3165,  -1.4886,  -0.6791,  -1.2795,  -5.7906],  
 [-0.4809,  -0.1729,  0.0029,  1.2382,  -1.1071,  -0.5068,  0.8327,  0.0124,  0.1920,  0.0102,  5.7979,  6.2862,  -0.0000,  0.3356,  -0.4686,  0.0000,  31.2262,  9.4357,  0.8327,  0.0124,  0.1920,  0.0102,  5.7979,  6.2862,  0.4809,  -0.1729,  0.0029,  -1.2382,  -1.1071,  -0.5068],  
 [-2.9059,  -0.4667,  0.1264,  7.1165,  1.6575,  -2.0252,  0.4793,  0.0910,  0.4967,  -4.5109,  3.5618,  6.0827,  -0.0000,  1.1371,  1.4748,  0.0000,  9.4357,  110.6252,  0.4793,  0.0910,  0.4967,  -4.5109,  3.5618,  6.0827,  2.9059,  -0.4667,  0.1264,  -7.1165,  1.6575,  -2.0252],  
 [-0.0468,  -0.0076,  0.0101,  -0.0232,  0.2870,  0.0346,  -0.0041,  -0.0015,  -0.0018,  0.0188,  -0.0462,  -0.0629,  -0.0556,  0.0097,  0.0074,  0.1772,  0.8327,  0.4793,  0.0739,  0.0066,  0.0342,  -0.1738,  0.4053,  0.7423,  0.0154,  -0.0062,  -0.0041,  -0.2203,  -0.2629,  -0.1239],  
 [-0.0040,  0.0095,  0.0241,  0.1307,  0.0413,  0.0063,  -0.0015,  -0.0014,  -0.0037,  0.0315,  0.0198,  -0.0240,  -0.0005,  0.0086,  0.0380,  0.3720,  0.0124,  0.0910,  0.0066,  0.0208,  0.0248,  -0.2939,  -0.0850,  0.1702,  0.0024,  -0.0004,  -0.0234,  -0.1442,  0.0056,  -0.0386],  
 [-0.0243,  0.0085,  0.0466,  0.1515,  0.1279,  0.0564,  -0.0018,  -0.0037,  -0.0112,  0.1158,  0.0736,  -0.0547,  -0.0207,  0.0169,  0.0585,  0.6453,  0.1920,  0.4967,  0.0342,  0.0248,  0.0629,  -0.6560,  -0.0853,  0.5265,  0.0164,  -0.0061,  -0.0379,  -0.2965,  -0.0744,  -0.1631],  
 [0.1574,  -0.1322,  -0.5790,  -2.2927,  -1.5270,  -0.8264,  0.0188,  0.0315,  0.1158,  -1.5032,  -0.1177,  0.3258,  0.1081,  -0.1798,  -0.7776,  -8.6433,  0.0102,  -4.5109,  -0.1738,  -0.2939,  -0.6560,  9.0979,  0.3977,  -3.4295,  -0.1223,  0.0314,  0.4995,  3.4501,  0.8501,  1.9360],  
 [-0.3792,  -0.1093,  -0.0094,  -0.2040,  3.7622,  1.5207,  -0.0462,  0.0198,  0.0736,  -0.1177,  -3.1885,  0.1437,  -0.6236,  0.0562,  -0.0100,  1.6862,  5.7979,  3.5618,  0.4053,  -0.0850,  -0.0853,  0.3977,  9.5933,  2.3012,  0.0653,  -0.0177,  0.0329,  -1.4625,  -2.9420,  -2.0101],  
 [-0.4980,  0.0114,  0.2531,  0.4982,  2.1215,  0.7982,  -0.0629,  -0.0240,  -0.0547,  0.3258,  0.1437,  -1.1100,  -0.6442,  0.1924,  0.3146,  3.1820,  6.2862,  6.0827,  0.7423,  0.1702,  0.5265,  -3.4295,  2.3012,  9.6525,  0.2301,  -0.1085,  -0.1757,  -2.5811,  -1.2790,  -1.9247],  
 [-0.0975,  -0.0211,  -0.0009,  0.3642,  -0.0572,  -0.2462,  0.0468,  0.0040,  0.0243,  -0.1574,  0.3792,  0.4980,  0.0342,  0.0317,  0.0678,  -0.1123,  0.4809,  2.9059,  0.0154,  0.0024,  0.0164,  -0.1223,  0.0653,  0.2301,  0.1289,  -0.0130,  0.0057,  -0.2603,  0.2209,  0.2604],  
 [0.0211,  -0.0111,  -0.0211,  0.0445,  0.1010,  -0.2030,  -0.0076,  0.0095,  0.0085,  -0.1322,  -0.1093,  0.0114,  0.0140,  -0.0021,  0.0186,  -0.3165,  -0.1729,  -0.4667,  -0.0062,  -0.0004,  -0.0061,  0.0314,  -0.0177,  -0.1085,  -0.0130,  0.0400,  0.0210,  -0.0507,  -0.0498,  0.2078],  
 [0.0009,  -0.0211,  -0.1187,  -0.0051,  0.2780,  -0.3177,  0.0101,  0.0241,  0.0466,  -0.5790,  -0.0094,  0.2531,  0.0276,  -0.0024,  0.0089,  -1.4886,  0.0029,  0.1264,  -0.0041,  -0.0234,  -0.0379,  0.4995,  0.0329,  -0.1757,  0.0057,  0.0210,  0.1535,  -0.1449,  -0.4776,  0.1244],  
 [0.3642,  -0.0445,  0.0051,  -3.9224,  -4.2799,  0.5161,  0.0232,  -0.1307,  -0.1515,  2.2927,  0.2040,  -0.4982,  0.0452,  -0.3228,  -1.1151,  -0.6791,  -1.2382,  -7.1165,  -0.2203,  -0.1442,  -0.2965,  3.4501,  -1.4625,  -2.5811,  -0.2603,  -0.0507,  -0.1449,  10.5297,  4.2057,  0.3583],  
 [0.0572,  0.1010,  0.2780,  4.2799,  -15.6940,  2.4590,  0.2870,  0.0413,  0.1279,  -1.5270,  3.7622,  2.1215,  0.0489,  0.0095,  0.1560,  -1.2795,  -1.1071,  1.6575,  -0.2629,  0.0056,  -0.0744,  0.8501,  -2.9420,  -1.2790,  0.2209,  -0.0498,  -0.4776,  4.2057,  34.4052,  -1.3930],  
 [0.2462,  -0.2030,  -0.3177,  -0.5161,  2.4590,  -26.8658,  0.0346,  0.0063,  0.0564,  -0.8264,  1.5207,  0.7982,  2.8288,  0.0336,  -0.0963,  -5.7906,  -0.5068,  -2.0252,  -0.1239,  -0.0386,  -0.1631,  1.9360,  -2.0101,  -1.9247,  0.2604,  0.2078,  0.1244,  0.3583,  -1.3930,  32.3250]]
[[72.2192,  2.9923,  -1.0669,  0.2645,  0.0033,  1.4350,  -17.1591,  -4.0313,  -4.9766,  -0.1135,  -0.0851,  1.5033,  9.5795,  -3.6035,  8.7492,  0.3986,  -0.7035,  0.9494,  56.4199,  -6.4829,  -23.5765,  0.0507,  0.3364,  -0.1190,  29.6388,  -13.6090,  -1.9088,  0.0398,  -0.1229,  -0.0914],  
 [2.9923,  48.0853,  -1.2176,  0.0344,  -0.0819,  -0.2348,  -9.6801,  -15.0457,  3.3744,  0.3685,  -0.0219,  0.8749,  -1.8826,  2.5048,  -5.1615,  -0.8178,  -0.1194,  0.0053,  14.6337,  -3.5393,  16.4130,  0.4089,  0.5265,  -1.6352,  13.6090,  14.5163,  -2.1223,  0.0921,  -0.1076,  -0.0810],  
 [-1.0669,  -1.2176,  28.4733,  -0.3940,  0.3157,  0.5484,  -1.9518,  3.3231,  -7.5676,  -0.3229,  -0.2339,  0.2740,  -1.5082,  1.8542,  0.4483,  -0.9474,  0.1933,  -0.0811,  1.8745,  8.2462,  -9.2221,  -0.3898,  -0.2056,  -0.3502,  1.9088,  -2.1223,  13.8659,  0.0883,  0.1005,  0.5845],  
 [0.2645,  0.0344,  -0.3940,  0.1971,  0.0146,  0.0062,  -0.5799,  0.0880,  -0.2650,  -0.0021,  -0.0080,  0.0341,  0.2068,  -0.1238,  -0.4824,  0.0234,  -0.0103,  0.0033,  0.1901,  -0.6045,  0.4108,  0.0242,  0.0008,  0.0196,  0.0398,  -0.0921,  -0.0883,  0.0264,  -0.0116,  -0.0115],  
 [0.0033,  -0.0819,  0.3157,  0.0146,  0.0469,  -0.0017,  -0.0584,  0.0252,  -0.0455,  -0.0097,  -0.0100,  -0.0090,  0.0039,  0.0318,  -0.0142,  -0.0079,  0.0132,  -0.0044,  -0.1467,  -0.1261,  -0.1665,  -0.0056,  -0.0196,  0.0038,  0.1229,  -0.1076,  0.1005,  0.0116,  0.0155,  -0.0059],  
 [1.4350,  -0.2348,  0.5484,  0.0062,  -0.0017,  0.1840,  -0.0639,  0.3312,  0.0274,  -0.0124,  0.0143,  0.0040,  0.6651,  -0.2431,  0.2742,  0.0336,  -0.0215,  0.0330,  1.1607,  -0.3445,  -0.7897,  -0.0011,  0.0149,  0.0536,  0.0914,  -0.0810,  0.5845,  0.0115,  -0.0059,  0.0970],  
 [-17.1591,  -9.6801,  -1.9518,  -0.5799,  -0.0584,  -0.0639,  263.7599,  32.8806,  -119.2117,  -4.7236,  -3.6448,  -10.4799,  -7.0023,  15.2886,  7.2118,  -0.4302,  -4.6656,  1.0045,  80.2338,  26.1323,  -39.6095,  -0.9975,  -0.1503,  -2.1864,  -56.4199,  14.6337,  1.8745,  -0.1901,  -0.1467,  1.1607],  
 [-4.0313,  -15.0457,  3.3231,  0.0880,  0.0252,  0.3312,  32.8806,  167.3471,  15.3454,  1.7641,  2.0795,  -5.1739,  10.5438,  7.0407,  -13.8666,  2.9159,  -1.3779,  -0.1779,  26.1323,  8.1846,  -15.6843,  0.2947,  -0.0809,  -0.3625,  6.4829,  -3.5393,  8.2462,  0.6045,  -0.1261,  -0.3445],  
 [-4.9766,  3.3744,  -7.5676,  -0.2650,  -0.0455,  0.0274,  -119.2117,  15.3454,  364.4259,  17.3990,  8.1866,  -7.0375,  7.0903,  -0.2037,  -19.9071,  2.4487,  0.9748,  -0.7804,  -39.6095,  -15.6843,  58.8983,  2.5490,  0.7819,  -0.0621,  23.5765,  16.4130,  -9.2221,  -0.4108,  -0.1665,  -0.7897],  
 [-0.1135,  0.3685,  -0.3229,  -0.0021,  -0.0097,  -0.0124,  -4.7236,  1.7641,  17.3990,  1.1731,  0.3918,  -0.2676,  -0.1677,  -0.1080,  -0.2960,  0.0086,  0.0094,  -0.0048,  -0.9975,  0.2947,  2.5490,  0.1404,  0.0462,  -0.0413,  -0.0507,  0.4089,  -0.3898,  -0.0242,  -0.0056,  -0.0011],  
 [-0.0851,  -0.0219,  -0.2339,  -0.0080,  -0.0100,  0.0143,  -3.6448,  2.0795,  8.1866,  0.3918,  0.4384,  -0.0667,  -0.0450,  -0.0186,  -0.5995,  0.1013,  -0.0385,  0.0021,  -0.1503,  -0.0809,  0.7819,  0.0462,  0.0800,  -0.0111,  -0.3364,  0.5265,  -0.2056,  -0.0008,  -0.0196,  0.0149],  
 [1.5033,  0.8749,  0.2740,  0.0341,  -0.0090,  0.0040,  -10.4799,  -5.1739,  -7.0375,  -0.2676,  -0.0667,  1.2262,  -0.8442,  -1.2343,  0.7161,  -0.1743,  0.1574,  0.0275,  -2.1864,  -0.3625,  -0.0621,  -0.0413,  -0.0111,  0.1261,  0.1190,  -1.6352,  -0.3502,  -0.0196,  0.0038,  0.0536],  
 [9.5795,  -1.8826,  -1.5082,  0.2068,  0.0039,  0.6651,  -7.0023,  10.5438,  7.0903,  -0.1677,  -0.0450,  -0.8442,  14.0597,  0.0000,  0.0000,  0.9682,  -0.0000,  0.0000,  7.0023,  -10.5438,  -7.0903,  0.1677,  0.0450,  0.8442,  9.5795,  1.8826,  1.5082,  0.2068,  -0.0039,  -0.6651],  
 [-3.6035,  2.5048,  1.8542,  -0.1238,  0.0318,  -0.2431,  15.2886,  7.0407,  -0.2037,  -0.1080,  -0.0186,  -1.2343,  0.0000,  15.8770,  -5.0446,  0.0000,  -0.5715,  -0.2277,  15.2886,  7.0407,  -0.2037,  -0.1080,  -0.0186,  -1.2343,  3.6035,  2.5048,  1.8542,  0.1238,  0.0318,  -0.2431],  
 [8.7492,  -5.1615,  0.4483,  -0.4824,  -0.0142,  0.2742,  7.2118,  -13.8666,  -19.9071,  -0.2960,  -0.5995,  0.7161,  0.0000,  -5.0446,  17.9770,  0.0000,  0.2822,  0.3505,  7.2118,  -13.8666,  -19.9071,  -0.2960,  -0.5995,  0.7161,  -8.7492,  -5.1615,  0.4483,  0.4824,  -0.0142,  0.2742],  
 [0.3986,  -0.8178,  -0.9474,  0.0234,  -0.0079,  0.0336,  -0.4302,  2.9159,  2.4487,  0.0086,  0.1013,  -0.1743,  0.9682,  0.0000,  0.0000,  0.3686,  -0.0000,  0.0000,  0.4302,  -2.9159,  -2.4487,  -0.0086,  -0.1013,  0.1743,  0.3986,  0.8178,  0.9474,  0.0234,  0.0079,  -0.0336],  
 [-0.7035,  -0.1194,  0.1933,  -0.0103,  0.0132,  -0.0215,  -4.6656,  -1.3779,  0.9748,  0.0094,  -0.0385,  0.1574,  -0.0000,  -0.5715,  0.2822,  -0.0000,  0.2199,  -0.0350,  -4.6656,  -1.3779,  0.9748,  0.0094,  -0.0385,  0.1574,  0.7035,  -0.1194,  0.1933,  0.0103,  0.0132,  -0.0215],  
 [0.9494,  0.0053,  -0.0811,  0.0033,  -0.0044,  0.0330,  1.0045,  -0.1779,  -0.7804,  -0.0048,  0.0021,  0.0275,  0.0000,  -0.2277,  0.3505,  0.0000,  -0.0350,  0.0558,  1.0045,  -0.1779,  -0.7804,  -0.0048,  0.0021,  0.0275,  -0.9494,  0.0053,  -0.0811,  -0.0033,  -0.0044,  0.0330],  
 [56.4199,  14.6337,  1.8745,  0.1901,  -0.1467,  1.1607,  80.2338,  26.1323,  -39.6095,  -0.9975,  -0.1503,  -2.1864,  7.0023,  15.2886,  7.2118,  0.4302,  -4.6656,  1.0045,  263.7599,  32.8806,  -119.2117,  -4.7236,  -3.6448,  -10.4799,  17.1591,  -9.6801,  -1.9518,  0.5799,  -0.0584,  -0.0639],  
 [-6.4829,  -3.5393,  8.2462,  -0.6045,  -0.1261,  -0.3445,  26.1323,  8.1846,  -15.6843,  0.2947,  -0.0809,  -0.3625,  -10.5438,  7.0407,  -13.8666,  -2.9159,  -1.3779,  -0.1779,  32.8806,  167.3471,  15.3454,  1.7641,  2.0795,  -5.1739,  4.0313,  -15.0457,  3.3231,  -0.0880,  0.0252,  0.3312],  
 [-23.5765,  16.4130,  -9.2221,  0.4108,  -0.1665,  -0.7897,  -39.6095,  -15.6843,  58.8983,  2.5490,  0.7819,  -0.0621,  -7.0903,  -0.2037,  -19.9071,  -2.4487,  0.9748,  -0.7804,  -119.2117,  15.3454,  364.4259,  17.3990,  8.1866,  -7.0375,  4.9766,  3.3744,  -7.5676,  0.2650,  -0.0455,  0.0274],  
 [0.0507,  0.4089,  -0.3898,  0.0242,  -0.0056,  -0.0011,  -0.9975,  0.2947,  2.5490,  0.1404,  0.0462,  -0.0413,  0.1677,  -0.1080,  -0.2960,  -0.0086,  0.0094,  -0.0048,  -4.7236,  1.7641,  17.3990,  1.1731,  0.3918,  -0.2676,  0.1135,  0.3685,  -0.3229,  0.0021,  -0.0097,  -0.0124],  
 [0.3364,  0.5265,  -0.2056,  0.0008,  -0.0196,  0.0149,  -0.1503,  -0.0809,  0.7819,  0.0462,  0.0800,  -0.0111,  0.0450,  -0.0186,  -0.5995,  -0.1013,  -0.0385,  0.0021,  -3.6448,  2.0795,  8.1866,  0.3918,  0.4384,  -0.0667,  0.0851,  -0.0219,  -0.2339,  0.0080,  -0.0100,  0.0143],  
 [-0.1190,  -1.6352,  -0.3502,  0.0196,  0.0038,  0.0536,  -2.1864,  -0.3625,  -0.0621,  -0.0413,  -0.0111,  0.1261,  0.8442,  -1.2343,  0.7161,  0.1743,  0.1574,  0.0275,  -10.4799,  -5.1739,  -7.0375,  -0.2676,  -0.0667,  1.2262,  -1.5033,  0.8749,  0.2740,  -0.0341,  -0.0090,  0.0040],  
 [29.6388,  13.6090,  1.9088,  0.0398,  0.1229,  0.0914,  -56.4199,  6.4829,  23.5765,  -0.0507,  -0.3364,  0.1190,  9.5795,  3.6035,  -8.7492,  0.3986,  0.7035,  -0.9494,  17.1591,  4.0313,  4.9766,  0.1135,  0.0851,  -1.5033,  72.2192,  -2.9923,  1.0669,  0.2645,  -0.0033,  -1.4350],  
 [-13.6090,  14.5163,  -2.1223,  -0.0921,  -0.1076,  -0.0810,  14.6337,  -3.5393,  16.4130,  0.4089,  0.5265,  -1.6352,  1.8826,  2.5048,  -5.1615,  0.8178,  -0.1194,  0.0053,  -9.6801,  -15.0457,  3.3744,  0.3685,  -0.0219,  0.8749,  -2.9923,  48.0853,  -1.2176,  -0.0344,  -0.0819,  -0.2348],  
 [-1.9088,  -2.1223,  13.8659,  -0.0883,  0.1005,  0.5845,  1.8745,  8.2462,  -9.2221,  -0.3898,  -0.2056,  -0.3502,  1.5082,  1.8542,  0.4483,  0.9474,  0.1933,  -0.0811,  -1.9518,  3.3231,  -7.5676,  -0.3229,  -0.2339,  0.2740,  1.0669,  -1.2176,  28.4733,  0.3940,  0.3157,  0.5484],  
 [0.0398,  0.0921,  0.0883,  0.0264,  0.0116,  0.0115,  -0.1901,  0.6045,  -0.4108,  -0.0242,  -0.0008,  -0.0196,  0.2068,  0.1238,  0.4824,  0.0234,  0.0103,  -0.0033,  0.5799,  -0.0880,  0.2650,  0.0021,  0.0080,  -0.0341,  0.2645,  -0.0344,  0.3940,  0.1971,  -0.0146,  -0.0062],  
 [-0.1229,  -0.1076,  0.1005,  -0.0116,  0.0155,  -0.0059,  -0.1467,  -0.1261,  -0.1665,  -0.0056,  -0.0196,  0.0038,  -0.0039,  0.0318,  -0.0142,  0.0079,  0.0132,  -0.0044,  -0.0584,  0.0252,  -0.0455,  -0.0097,  -0.0100,  -0.0090,  -0.0033,  -0.0819,  0.3157,  -0.0146,  0.0469,  -0.0017],  
 [-0.0914,  -0.0810,  0.5845,  -0.0115,  -0.0059,  0.0970,  1.1607,  -0.3445,  -0.7897,  -0.0011,  0.0149,  0.0536,  -0.6651,  -0.2431,  0.2742,  -0.0336,  -0.0215,  0.0330,  -0.0639,  0.3312,  0.0274,  -0.0124,  0.0143,  0.0040,  -1.4350,  -0.2348,  0.5484,  -0.0062,  -0.0017,  0.1840]]
