[-0.4654,  -8.2556,  0.3633,  0.1350,  -0.0951,  0.0181,  9.2583,  -37.0541,  -36.4988,  -3.3281,  8.4096,  -1.4523,  -0.0000,  6.4314,  33.8740,  0.0000,  0.2675,  3.3427,  9.2583,  -37.0541,  -36.4988,  -3.3281,  8.4096,  -1.4523,  0.4654,  -8.2556,  0.3633,  -0.1350,  -0.0951,  0.0181]
[[0.0894,  0.0135,  -0.0052,  -0.1566,  -0.2484,  0.1773,  -0.0086,  0.0017,  -0.0057,  0.0335,  -0.0462,  -0.1575,  0.0090,  -0.0170,  -0.0408,  -0.0101,  -0.1691,  -1.9535,  -0.0335,  -0.0016,  -0.0159,  0.0668,  -0.2165,  -0.3982,  -0.0640,  0.0088,  -0.0054,  0.2585,  0.0166,  -0.0581],  
 [0.0135,  0.0319,  0.0099,  0.0723,  0.0157,  0.1022,  -0.0004,  0.0004,  0.0002,  -0.0144,  -0.0270,  -0.0524,  -0.0081,  0.0083,  0.0112,  0.1738,  -0.0704,  -0.1177,  -0.0117,  0.0059,  0.0014,  -0.0811,  -0.0771,  -0.0733,  -0.0088,  -0.0049,  -0.0175,  -0.0377,  0.1444,  0.0124],  
 [-0.0052,  0.0099,  0.0920,  -0.0361,  -0.4620,  0.0339,  0.0002,  -0.0132,  -0.0159,  0.2628,  -0.0081,  -0.0662,  -0.0217,  -0.0086,  0.0039,  0.7969,  -0.0158,  -0.0977,  0.0043,  0.0119,  0.0205,  -0.2922,  0.0170,  0.1169,  0.0054,  -0.0175,  -0.0591,  -0.0100,  0.1535,  -0.3133],  
 [-0.1566,  0.0723,  -0.0361,  8.6640,  1.8733,  1.2112,  0.1806,  0.1032,  0.2405,  -2.8919,  0.7370,  2.0226,  -0.0259,  0.1906,  0.8945,  0.0112,  -0.0871,  4.5346,  -0.1000,  0.0821,  0.1029,  -2.2935,  -0.9663,  -0.6421,  0.2585,  0.0377,  0.0100,  -2.6820,  2.3144,  -1.4608],  
 [-0.2484,  0.0157,  -0.4620,  1.8733,  29.8571,  0.0749,  -0.2438,  -0.0211,  -0.1483,  1.1793,  -1.4187,  -1.9395,  -0.0154,  0.1391,  0.1883,  0.7643,  1.2135,  5.6482,  0.3495,  0.0526,  0.2301,  -2.0446,  2.5321,  3.1776,  -0.0166,  0.1444,  0.1535,  -2.3144,  -9.6172,  2.7773],  
 [0.1773,  0.1022,  0.0339,  1.2112,  0.0749,  21.6629,  -0.1433,  0.0132,  -0.1270,  0.9591,  -1.3569,  -2.3174,  -1.9292,  0.1189,  -0.0705,  6.0307,  -0.4393,  2.7714,  0.0537,  -0.0160,  0.0677,  -0.6675,  1.2023,  1.4106,  0.0581,  0.0124,  -0.3133,  1.4608,  2.7773,  -16.5077],  
 [-0.0086,  -0.0004,  0.0002,  0.1806,  -0.2438,  -0.1433,  0.0686,  0.0071,  0.0342,  -0.1289,  0.3039,  0.7256,  0.0426,  -0.0027,  -0.0015,  -0.0943,  0.7906,  0.2019,  -0.0010,  0.0003,  -0.0023,  0.0256,  -0.0076,  -0.0212,  0.0335,  -0.0117,  0.0043,  0.1000,  0.3495,  0.0537],  
 [0.0017,  0.0004,  -0.0132,  0.1032,  -0.0211,  0.0132,  0.0071,  0.0168,  0.0164,  -0.1979,  -0.0421,  0.1406,  -0.0016,  0.0051,  0.0214,  -0.2223,  0.0902,  -0.0344,  0.0003,  0.0001,  0.0002,  -0.0015,  -0.0130,  0.0057,  0.0016,  0.0059,  0.0119,  -0.0821,  0.0526,  -0.0160],  
 [-0.0057,  0.0002,  -0.0159,  0.2405,  -0.1483,  -0.1270,  0.0342,  0.0164,  0.0447,  -0.4598,  0.0151,  0.4535,  0.0230,  0.0056,  0.0375,  -0.3470,  0.2938,  0.1402,  -0.0023,  0.0002,  -0.0020,  0.0181,  -0.0197,  -0.0348,  0.0159,  0.0014,  0.0205,  -0.1029,  0.2301,  0.0677],  
 [0.0335,  -0.0144,  0.2628,  -2.8919,  1.1793,  0.9591,  -0.1289,  -0.1979,  -0.4598,  7.0415,  0.2556,  -2.1791,  -0.0893,  -0.0831,  -0.6162,  5.2690,  -0.6454,  -1.2029,  0.0256,  -0.0015,  0.0181,  -0.1992,  0.3172,  0.3883,  -0.0668,  -0.0811,  -0.2922,  2.2935,  -2.0446,  -0.6675],  
 [-0.0462,  -0.0270,  -0.0081,  0.7370,  -1.4187,  -1.3569,  0.3039,  -0.0421,  0.0151,  0.2556,  6.1309,  2.5451,  0.3923,  -0.0534,  -0.0968,  -1.3314,  4.7803,  2.0133,  -0.0076,  -0.0130,  -0.0197,  0.3172,  -0.4269,  -0.2069,  0.2165,  -0.0771,  0.0170,  0.9663,  2.5321,  1.2023],  
 [-0.1575,  -0.0524,  -0.0662,  2.0226,  -1.9395,  -2.3174,  0.7256,  0.1406,  0.4535,  -2.1791,  2.5451,  9.4414,  0.6206,  0.0507,  0.1085,  -1.7777,  6.9121,  3.2610,  -0.0212,  0.0057,  -0.0348,  0.3883,  -0.2069,  -0.3924,  0.3982,  -0.0733,  0.1169,  0.6421,  3.1776,  1.4106],  
 [0.0090,  -0.0081,  -0.0217,  -0.0259,  -0.0154,  -1.9292,  0.0426,  -0.0016,  0.0230,  -0.0893,  0.3923,  0.6206,  0.3182,  0.0000,  0.0000,  -0.8288,  0.0000,  0.0000,  -0.0426,  0.0016,  -0.0230,  0.0893,  -0.3923,  -0.6206,  0.0090,  0.0081,  0.0217,  -0.0259,  0.0154,  1.9292],  
 [-0.0170,  0.0083,  -0.0086,  0.1906,  0.1391,  0.1189,  -0.0027,  0.0051,  0.0056,  -0.0831,  -0.0534,  0.0507,  0.0000,  0.0714,  0.0560,  -0.0000,  -0.1535,  0.5228,  -0.0027,  0.0051,  0.0056,  -0.0831,  -0.0534,  0.0507,  0.0170,  0.0083,  -0.0086,  -0.1906,  0.1391,  0.1189],  
 [-0.0408,  0.0112,  0.0039,  0.8945,  0.1883,  -0.0705,  -0.0015,  0.0214,  0.0375,  -0.6162,  -0.0968,  0.1085,  0.0000,  0.0560,  0.2428,  -0.0000,  -0.4113,  0.6924,  -0.0015,  0.0214,  0.0375,  -0.6162,  -0.0968,  0.1085,  0.0408,  0.0112,  0.0039,  -0.8945,  0.1883,  -0.0705],  
 [-0.0101,  0.1738,  0.7969,  0.0112,  0.7643,  6.0307,  -0.0943,  -0.2223,  -0.3470,  5.2690,  -1.3314,  -1.7777,  -0.8288,  -0.0000,  -0.0000,  16.4270,  -0.0000,  -0.0000,  0.0943,  0.2223,  0.3470,  -5.2690,  1.3314,  1.7777,  -0.0101,  -0.1738,  -0.7969,  0.0112,  -0.7643,  -6.0307],  
 [-0.1691,  -0.0704,  -0.0158,  -0.0871,  1.2135,  -0.4393,  0.7906,  0.0902,  0.2938,  -0.6454,  4.7803,  6.9121,  0.0000,  -0.1535,  -0.4113,  -0.0000,  24.6640,  -1.9255,  0.7906,  0.0902,  0.2938,  -0.6454,  4.7803,  6.9121,  0.1691,  -0.0704,  -0.0158,  0.0871,  1.2135,  -0.4393],  
 [-1.9535,  -0.1177,  -0.0977,  4.5346,  5.6482,  2.7714,  0.2019,  -0.0344,  0.1402,  -1.2029,  2.0133,  3.2610,  0.0000,  0.5228,  0.6924,  -0.0000,  -1.9255,  77.5282,  0.2019,  -0.0344,  0.1402,  -1.2029,  2.0133,  3.2610,  1.9535,  -0.1177,  -0.0977,  -4.5346,  5.6482,  2.7714],  
 [-0.0335,  -0.0117,  0.0043,  -0.1000,  0.3495,  0.0537,  -0.0010,  0.0003,  -0.0023,  0.0256,  -0.0076,  -0.0212,  -0.0426,  -0.0027,  -0.0015,  0.0943,  0.7906,  0.2019,  0.0686,  0.0071,  0.0342,  -0.1289,  0.3039,  0.7256,  0.0086,  -0.0004,  0.0002,  -0.1806,  -0.2438,  -0.1433],  
 [-0.0016,  0.0059,  0.0119,  0.0821,  0.0526,  -0.0160,  0.0003,  0.0001,  0.0002,  -0.0015,  -0.0130,  0.0057,  0.0016,  0.0051,  0.0214,  0.2223,  0.0902,  -0.0344,  0.0071,  0.0168,  0.0164,  -0.1979,  -0.0421,  0.1406,  -0.0017,  0.0004,  -0.0132,  -0.1032,  -0.0211,  0.0132],  
 [-0.0159,  0.0014,  0.0205,  0.1029,  0.2301,  0.0677,  -0.0023,  0.0002,  -0.0020,  0.0181,  -0.0197,  -0.0348,  -0.0230,  0.0056,  0.0375,  0.3470,  0.2938,  0.1402,  0.0342,  0.0164,  0.0447,  -0.4598,  0.0151,  0.4535,  0.0057,  0.0002,  -0.0159,  -0.2405,  -0.1483,  -0.1270],  
 [0.0668,  -0.0811,  -0.2922,  -2.2935,  -2.0446,  -0.6675,  0.0256,  -0.0015,  0.0181,  -0.1992,  0.3172,  0.3883,  0.0893,  -0.0831,  -0.6162,  -5.2690,  -0.6454,  -1.2029,  -0.1289,  -0.1979,  -0.4598,  7.0415,  0.2556,  -2.1791,  -0.0335,  -0.0144,  0.2628,  2.8919,  1.1793,  0.9591],  
 [-0.2165,  -0.0771,  0.0170,  -0.9663,  2.5321,  1.2023,  -0.0076,  -0.0130,  -0.0197,  0.3172,  -0.4269,  -0.2069,  -0.3923,  -0.0534,  -0.0968,  1.3314,  4.7803,  2.0133,  0.3039,  -0.0421,  0.0151,  0.2556,  6.1309,  2.5451,  0.0462,  -0.0270,  -0.0081,  -0.7370,  -1.4187,  -1.3569],  
 [-0.3982,  -0.0733,  0.1169,  -0.6421,  3.1776,  1.4106,  -0.0212,  0.0057,  -0.0348,  0.3883,  -0.2069,  -0.3924,  -0.6206,  0.0507,  0.1085,  1.7777,  6.9121,  3.2610,  0.7256,  0.1406,  0.4535,  -2.1791,  2.5451,  9.4414,  0.1575,  -0.0524,  -0.0662,  -2.0226,  -1.9395,  -2.3174],  
 [-0.0640,  -0.0088,  0.0054,  0.2585,  -0.0166,  0.0581,  0.0335,  0.0016,  0.0159,  -0.0668,  0.2165,  0.3982,  0.0090,  0.0170,  0.0408,  -0.0101,  0.1691,  1.9535,  0.0086,  -0.0017,  0.0057,  -0.0335,  0.0462,  0.1575,  0.0894,  -0.0135,  0.0052,  -0.1566,  0.2484,  -0.1773],  
 [0.0088,  -0.0049,  -0.0175,  0.0377,  0.1444,  0.0124,  -0.0117,  0.0059,  0.0014,  -0.0811,  -0.0771,  -0.0733,  0.0081,  0.0083,  0.0112,  -0.1738,  -0.0704,  -0.1177,  -0.0004,  0.0004,  0.0002,  -0.0144,  -0.0270,  -0.0524,  -0.0135,  0.0319,  0.0099,  -0.0723,  0.0157,  0.1022],  
 [-0.0054,  -0.0175,  -0.0591,  0.0100,  0.1535,  -0.3133,  0.0043,  0.0119,  0.0205,  -0.2922,  0.0170,  0.1169,  0.0217,  -0.0086,  0.0039,  -0.7969,  -0.0158,  -0.0977,  0.0002,  -0.0132,  -0.0159,  0.2628,  -0.0081,  -0.0662,  0.0052,  0.0099,  0.0920,  0.0361,  -0.4620,  0.0339],  
 [0.2585,  -0.0377,  -0.0100,  -2.6820,  -2.3144,  1.4608,  0.1000,  -0.0821,  -0.1029,  2.2935,  0.9663,  0.6421,  -0.0259,  -0.1906,  -0.8945,  0.0112,  0.0871,  -4.5346,  -0.1806,  -0.1032,  -0.2405,  2.8919,  -0.7370,  -2.0226,  -0.1566,  -0.0723,  0.0361,  8.6640,  -1.8733,  -1.2112],  
 [0.0166,  0.1444,  0.1535,  2.3144,  -9.6172,  2.7773,  0.3495,  0.0526,  0.2301,  -2.0446,  2.5321,  3.1776,  0.0154,  0.1391,  0.1883,  -0.7643,  1.2135,  5.6482,  -0.2438,  -0.0211,  -0.1483,  1.1793,  -1.4187,  -1.9395,  0.2484,  0.0157,  -0.4620,  -1.8733,  29.8571,  0.0749],  
 [-0.0581,  0.0124,  -0.3133,  -1.4608,  2.7773,  -16.5077,  0.0537,  -0.0160,  0.0677,  -0.6675,  1.2023,  1.4106,  1.9292,  0.1189,  -0.0705,  -6.0307,  -0.4393,  2.7714,  -0.1433,  0.0132,  -0.1270,  0.9591,  -1.3569,  -2.3174,  -0.1773,  0.1022,  0.0339,  -1.2112,  0.0749,  21.6629]]
[[80.8792,  -8.0874,  4.9545,  0.6137,  0.0035,  -1.7506,  9.1270,  -19.1076,  -22.3584,  -0.1330,  -0.2862,  1.9810,  -12.3623,  6.5150,  6.7981,  -0.7635,  -1.3367,  1.4287,  54.5999,  14.0143,  -17.6447,  -0.3587,  0.8859,  -0.8228,  12.4853,  -7.6544,  1.8583,  -0.0570,  -0.0175,  -0.0541],  
 [-8.0874,  54.3131,  -5.9729,  0.0390,  -0.3331,  -0.1767,  -6.4485,  -7.0731,  -6.1191,  0.0938,  0.0973,  1.1593,  1.6069,  -5.7972,  -1.5785,  -0.3934,  -0.5725,  -0.2592,  21.1568,  -6.7996,  8.7062,  0.1035,  0.5086,  -1.1011,  7.6544,  12.6599,  -0.1612,  0.3483,  -0.1034,  -0.3533],  
 [4.9545,  -5.9729,  43.2293,  0.1920,  0.4893,  1.4132,  -3.4053,  0.7401,  -13.0214,  -0.4963,  -0.3093,  0.7606,  -3.1178,  3.1131,  -0.2638,  -0.9414,  0.4396,  0.0982,  -1.3192,  4.7447,  -15.1616,  -0.4099,  -0.3734,  0.1538,  -1.8583,  -0.1612,  23.8151,  -0.2464,  0.0841,  1.5100],  
 [0.6137,  0.0390,  0.1920,  0.2557,  -0.0267,  -0.0061,  -1.0108,  -0.2977,  -1.2318,  -0.0270,  -0.0394,  0.0951,  0.0947,  0.1150,  -0.7330,  -0.0084,  -0.0046,  0.0071,  0.5186,  -0.3993,  0.0505,  0.0094,  0.0306,  0.0257,  -0.0570,  -0.3483,  0.2464,  -0.0057,  -0.0025,  0.0157],  
 [0.0035,  -0.3331,  0.4893,  -0.0267,  0.0559,  -0.0005,  0.1067,  0.1258,  0.1828,  -0.0088,  0.0042,  -0.0159,  -0.0842,  0.0274,  0.0374,  -0.0095,  0.0103,  -0.0023,  -0.3937,  0.1091,  -0.3484,  -0.0068,  -0.0226,  0.0131,  0.0175,  -0.1034,  0.0841,  0.0025,  0.0131,  -0.0008],  
 [-1.7506,  -0.1767,  1.4132,  -0.0061,  -0.0005,  0.2934,  -0.1345,  0.6280,  0.4306,  0.0070,  -0.0197,  -0.0703,  0.8742,  -0.4979,  0.0348,  0.0190,  0.0359,  -0.0511,  -0.9872,  -0.2020,  -0.0974,  0.0098,  -0.0267,  0.0487,  0.0541,  -0.3533,  1.5100,  -0.0157,  -0.0008,  0.1770],  
 [9.1270,  -6.4485,  -3.4053,  -1.0108,  0.1067,  -0.1345,  370.0280,  89.3006,  -119.7105,  -5.7643,  -0.1385,  -15.0744,  10.0392,  23.5107,  -5.1498,  0.7778,  -10.8161,  0.9259,  185.1433,  45.8394,  -15.2797,  0.5061,  2.5681,  -5.8866,  -54.5999,  21.1568,  -1.3192,  -0.5186,  -0.3937,  -0.9872],  
 [-19.1076,  -7.0731,  0.7401,  -0.2977,  0.1258,  0.6280,  89.3006,  176.6905,  8.0598,  0.8758,  2.2818,  -8.2983,  20.3610,  6.5255,  -9.0153,  3.2645,  -3.0943,  -0.1052,  45.8394,  -2.5371,  -1.9608,  1.2406,  0.5425,  -1.1032,  -14.0143,  -6.7996,  4.7447,  0.3993,  0.1091,  -0.2020],  
 [-22.3584,  -6.1191,  -13.0214,  -1.2318,  0.1828,  0.4306,  -119.7105,  8.0598,  496.8864,  23.8851,  8.3744,  -11.9452,  6.5484,  -0.9620,  -5.6685,  2.2415,  0.3202,  -0.7832,  -15.2797,  -1.9608,  -2.4141,  0.8667,  -0.6825,  0.5827,  17.6447,  8.7062,  -15.1616,  -0.0505,  -0.3484,  -0.0974],  
 [-0.1330,  0.0938,  -0.4963,  -0.0270,  -0.0088,  0.0070,  -5.7643,  0.8758,  23.8851,  1.5342,  0.3761,  -0.4643,  -0.2784,  -0.3159,  0.5923,  -0.0340,  -0.0039,  -0.0062,  0.5061,  1.2406,  0.8667,  0.0977,  0.0153,  -0.1001,  0.3587,  0.1035,  -0.4099,  -0.0094,  -0.0068,  0.0098],  
 [-0.2862,  0.0973,  -0.3093,  -0.0394,  0.0042,  -0.0197,  -0.1385,  2.2818,  8.3744,  0.3761,  0.4700,  -0.2599,  -0.0412,  0.3677,  -0.3512,  0.0931,  -0.1726,  0.0029,  2.5681,  0.5425,  -0.6825,  0.0153,  0.0320,  -0.0688,  -0.8859,  0.5086,  -0.3734,  -0.0306,  -0.0226,  -0.0267],  
 [1.9810,  1.1593,  0.7606,  0.0951,  -0.0159,  -0.0703,  -15.0744,  -8.2983,  -11.9452,  -0.4643,  -0.2599,  1.6543,  -2.0859,  -1.2471,  0.6899,  -0.2624,  0.4004,  0.0315,  -5.8866,  -1.1032,  0.5827,  -0.1001,  -0.0688,  0.1484,  0.8228,  -1.1011,  0.1538,  -0.0257,  0.0131,  0.0487],  
 [-12.3623,  1.6069,  -3.1178,  0.0947,  -0.0842,  0.8742,  10.0392,  20.3610,  6.5484,  -0.2784,  -0.0412,  -2.0859,  22.4483,  -0.0000,  -0.0000,  1.4152,  0.0000,  -0.0000,  -10.0392,  -20.3610,  -6.5484,  0.2784,  0.0412,  2.0859,  -12.3623,  -1.6069,  3.1178,  0.0947,  0.0842,  -0.8742],  
 [6.5150,  -5.7972,  3.1131,  0.1150,  0.0274,  -0.4979,  23.5107,  6.5255,  -0.9620,  -0.3159,  0.3677,  -1.2471,  -0.0000,  25.1544,  -7.1248,  0.0000,  -0.9005,  0.1712,  23.5107,  6.5255,  -0.9620,  -0.3159,  0.3677,  -1.2471,  -6.5150,  -5.7972,  3.1131,  -0.1150,  0.0274,  -0.4979],  
 [6.7981,  -1.5785,  -0.2638,  -0.7330,  0.0374,  0.0348,  -5.1498,  -9.0153,  -5.6685,  0.5923,  -0.3512,  0.6899,  -0.0000,  -7.1248,  19.1894,  -0.0000,  0.6890,  0.3267,  -5.1498,  -9.0153,  -5.6685,  0.5923,  -0.3512,  0.6899,  -6.7981,  -1.5785,  -0.2638,  0.7330,  0.0374,  0.0348],  
 [-0.7635,  -0.3934,  -0.9414,  -0.0084,  -0.0095,  0.0190,  0.7778,  3.2645,  2.2415,  -0.0340,  0.0931,  -0.2624,  1.4152,  0.0000,  -0.0000,  0.3901,  -0.0000,  0.0000,  -0.7778,  -3.2645,  -2.2415,  0.0340,  -0.0931,  0.2624,  -0.7635,  0.3934,  0.9414,  -0.0084,  0.0095,  -0.0190],  
 [-1.3367,  -0.5725,  0.4396,  -0.0046,  0.0103,  0.0359,  -10.8161,  -3.0943,  0.3202,  -0.0039,  -0.1726,  0.4004,  0.0000,  -0.9005,  0.6890,  -0.0000,  0.5740,  -0.0297,  -10.8161,  -3.0943,  0.3202,  -0.0039,  -0.1726,  0.4004,  1.3367,  -0.5725,  0.4396,  0.0046,  0.0103,  0.0359],  
 [1.4287,  -0.2592,  0.0982,  0.0071,  -0.0023,  -0.0511,  0.9259,  -0.1052,  -0.7832,  -0.0062,  0.0029,  0.0315,  -0.0000,  0.1712,  0.3267,  0.0000,  -0.0297,  0.0776,  0.9259,  -0.1052,  -0.7832,  -0.0062,  0.0029,  0.0315,  -1.4287,  -0.2592,  0.0982,  -0.0071,  -0.0023,  -0.0511],  
 [54.5999,  21.1568,  -1.3192,  0.5186,  -0.3937,  -0.9872,  185.1433,  45.8394,  -15.2797,  0.5061,  2.5681,  -5.8866,  -10.0392,  23.5107,  -5.1498,  -0.7778,  -10.8161,  0.9259,  370.0280,  89.3006,  -119.7105,  -5.7643,  -0.1385,  -15.0744,  -9.1270,  -6.4485,  -3.4053,  1.0108,  0.1067,  -0.1345],  
 [14.0143,  -6.7996,  4.7447,  -0.3993,  0.1091,  -0.2020,  45.8394,  -2.5371,  -1.9608,  1.2406,  0.5425,  -1.1032,  -20.3610,  6.5255,  -9.0153,  -3.2645,  -3.0943,  -0.1052,  89.3006,  176.6905,  8.0598,  0.8758,  2.2818,  -8.2983,  19.1076,  -7.0731,  0.7401,  0.2977,  0.1258,  0.6280],  
 [-17.6447,  8.7062,  -15.1616,  0.0505,  -0.3484,  -0.0974,  -15.2797,  -1.9608,  -2.4141,  0.8667,  -0.6825,  0.5827,  -6.5484,  -0.9620,  -5.6685,  -2.2415,  0.3202,  -0.7832,  -119.7105,  8.0598,  496.8864,  23.8851,  8.3744,  -11.9452,  22.3584,  -6.1191,  -13.0214,  1.2318,  0.1828,  0.4306],  
 [-0.3587,  0.1035,  -0.4099,  0.0094,  -0.0068,  0.0098,  0.5061,  1.2406,  0.8667,  0.0977,  0.0153,  -0.1001,  0.2784,  -0.3159,  0.5923,  0.0340,  -0.0039,  -0.0062,  -5.7643,  0.8758,  23.8851,  1.5342,  0.3761,  -0.4643,  0.1330,  0.0938,  -0.4963,  0.0270,  -0.0088,  0.0070],  
 [0.8859,  0.5086,  -0.3734,  0.0306,  -0.0226,  -0.0267,  2.5681,  0.5425,  -0.6825,  0.0153,  0.0320,  -0.0688,  0.0412,  0.3677,  -0.3512,  -0.0931,  -0.1726,  0.0029,  -0.1385,  2.2818,  8.3744,  0.3761,  0.4700,  -0.2599,  0.2862,  0.0973,  -0.3093,  0.0394,  0.0042,  -0.0197],  
 [-0.8228,  -1.1011,  0.1538,  0.0257,  0.0131,  0.0487,  -5.8866,  -1.1032,  0.5827,  -0.1001,  -0.0688,  0.1484,  2.0859,  -1.2471,  0.6899,  0.2624,  0.4004,  0.0315,  -15.0744,  -8.2983,  -11.9452,  -0.4643,  -0.2599,  1.6543,  -1.9810,  1.1593,  0.7606,  -0.0951,  -0.0159,  -0.0703],  
 [12.4853,  7.6544,  -1.8583,  -0.0570,  0.0175,  0.0541,  -54.5999,  -14.0143,  17.6447,  0.3587,  -0.8859,  0.8228,  -12.3623,  -6.5150,  -6.7981,  -0.7635,  1.3367,  -1.4287,  -9.1270,  19.1076,  22.3584,  0.1330,  0.2862,  -1.9810,  80.8792,  8.0874,  -4.9545,  0.6137,  -0.0035,  1.7506],  
 [-7.6544,  12.6599,  -0.1612,  -0.3483,  -0.1034,  -0.3533,  21.1568,  -6.7996,  8.7062,  0.1035,  0.5086,  -1.1011,  -1.6069,  -5.7972,  -1.5785,  0.3934,  -0.5725,  -0.2592,  -6.4485,  -7.0731,  -6.1191,  0.0938,  0.0973,  1.1593,  8.0874,  54.3131,  -5.9729,  -0.0390,  -0.3331,  -0.1767],  
 [1.8583,  -0.1612,  23.8151,  0.2464,  0.0841,  1.5100,  -1.3192,  4.7447,  -15.1616,  -0.4099,  -0.3734,  0.1538,  3.1178,  3.1131,  -0.2638,  0.9414,  0.4396,  0.0982,  -3.4053,  0.7401,  -13.0214,  -0.4963,  -0.3093,  0.7606,  -4.9545,  -5.9729,  43.2293,  -0.1920,  0.4893,  1.4132],  
 [-0.0570,  0.3483,  -0.2464,  -0.0057,  0.0025,  -0.0157,  -0.5186,  0.3993,  -0.0505,  -0.0094,  -0.0306,  -0.0257,  0.0947,  -0.1150,  0.7330,  -0.0084,  0.0046,  -0.0071,  1.0108,  0.2977,  1.2318,  0.0270,  0.0394,  -0.0951,  0.6137,  -0.0390,  -0.1920,  0.2557,  0.0267,  0.0061],  
 [-0.0175,  -0.1034,  0.0841,  -0.0025,  0.0131,  -0.0008,  -0.3937,  0.1091,  -0.3484,  -0.0068,  -0.0226,  0.0131,  0.0842,  0.0274,  0.0374,  0.0095,  0.0103,  -0.0023,  0.1067,  0.1258,  0.1828,  -0.0088,  0.0042,  -0.0159,  -0.0035,  -0.3331,  0.4893,  0.0267,  0.0559,  -0.0005],  
 [-0.0541,  -0.3533,  1.5100,  0.0157,  -0.0008,  0.1770,  -0.9872,  -0.2020,  -0.0974,  0.0098,  -0.0267,  0.0487,  -0.8742,  -0.4979,  0.0348,  -0.0190,  0.0359,  -0.0511,  -0.1345,  0.6280,  0.4306,  0.0070,  -0.0197,  -0.0703,  1.7506,  -0.1767,  1.4132,  0.0061,  -0.0005,  0.2934]]
