[1.3614,  -9.5397,  0.1300,  0.0795,  -0.1022,  0.0821,  11.8583,  -27.9010,  -22.4398,  -3.0324,  9.1995,  -2.1150,  0.2409,  1.6813,  32.1162,  0.2505,  -0.5773,  3.2459,  21.0302,  -30.6991,  -27.1003,  -3.1563,  8.9636,  -2.4690,  4.7231,  -8.9030,  0.9437,  0.1924,  -0.0821,  -0.0081]
[[0.1328,  0.0183,  -0.0082,  -0.2105,  -0.4200,  -0.2248,  -0.0139,  -0.0005,  -0.0102,  0.0753,  -0.1037,  -0.2054,  0.0311,  -0.0272,  -0.0586,  -0.2072,  -0.3218,  -3.0818,  -0.0390,  -0.0046,  -0.0251,  0.1951,  -0.3355,  -0.3873,  -0.1033,  0.0165,  0.0028,  0.3452,  0.1260,  0.2771],  
 [0.0183,  0.0395,  0.0122,  0.1043,  -0.0071,  0.1282,  -0.0040,  0.0007,  0.0004,  -0.0427,  -0.0213,  -0.0827,  -0.0030,  0.0038,  0.0226,  0.1759,  -0.0272,  -0.4398,  -0.0061,  0.0090,  0.0063,  -0.0983,  -0.0930,  -0.0046,  -0.0242,  -0.0115,  -0.0119,  -0.0680,  0.0991,  -0.1042],  
 [-0.0082,  0.0122,  0.1030,  0.0347,  -0.0793,  -0.1233,  -0.0006,  -0.0180,  -0.0254,  0.3614,  -0.0202,  -0.0622,  0.0147,  0.0037,  0.0116,  1.0835,  0.0113,  0.1713,  0.0069,  0.0213,  0.0327,  -0.4042,  -0.0367,  0.1767,  0.0004,  -0.0117,  -0.0790,  -0.0742,  0.1403,  0.0232],  
 [-0.2105,  0.1043,  0.0347,  11.5569,  0.2301,  -0.2363,  0.2016,  0.1560,  0.3233,  -4.0271,  1.3598,  1.8992,  0.0730,  0.3051,  1.3255,  -1.3634,  2.5276,  3.8408,  0.0239,  0.1583,  0.2129,  -2.9530,  -0.0784,  0.8624,  0.2622,  0.0763,  0.0641,  -4.9469,  2.3389,  -0.0739],  
 [-0.4200,  -0.0071,  -0.0793,  0.2301,  31.6601,  1.3166,  -0.1467,  0.0367,  0.0100,  -0.5065,  -1.3864,  0.1811,  -0.2036,  0.1339,  0.5328,  1.8954,  1.7041,  5.9824,  0.4204,  0.0813,  0.2809,  -2.4543,  3.2053,  3.5107,  0.1307,  0.0804,  0.2013,  -5.4985,  -12.7622,  -0.7920],  
 [-0.2248,  0.1282,  -0.1233,  -0.2363,  1.3166,  32.3262,  -0.1277,  0.0210,  -0.1219,  1.1798,  -1.8523,  -2.3329,  -3.0606,  0.0676,  -0.1704,  4.3562,  1.3940,  -4.0470,  0.1037,  -0.0186,  0.1012,  -0.9063,  1.5579,  1.3666,  -0.2738,  -0.2346,  -0.0514,  0.6314,  -1.2093,  -27.5487],  
 [-0.0139,  -0.0040,  -0.0006,  0.2016,  -0.1467,  -0.1277,  0.0587,  0.0004,  0.0254,  -0.1174,  0.2947,  0.5421,  0.0548,  0.0096,  0.0180,  -0.0951,  0.6565,  0.2352,  -0.0036,  0.0013,  0.0022,  -0.0488,  0.0116,  -0.0434,  0.0378,  -0.0030,  0.0024,  -0.0298,  0.2643,  0.1073],  
 [-0.0005,  0.0007,  -0.0180,  0.1560,  0.0367,  0.0210,  0.0004,  0.0180,  0.0193,  -0.2870,  -0.0655,  0.0514,  -0.0106,  0.0087,  0.0398,  -0.3077,  -0.0046,  -0.0082,  0.0019,  -0.0005,  0.0001,  0.0114,  0.0005,  0.0277,  -0.0001,  0.0090,  0.0199,  -0.1372,  0.0153,  -0.0343],  
 [-0.0102,  0.0004,  -0.0254,  0.3233,  0.0100,  -0.1219,  0.0254,  0.0193,  0.0534,  -0.6257,  -0.0325,  0.3404,  0.0121,  0.0137,  0.0699,  -0.5048,  0.1928,  0.2457,  0.0023,  0.0002,  -0.0006,  0.0193,  0.0334,  0.0279,  0.0180,  0.0092,  0.0327,  -0.1946,  0.1760,  0.0656],  
 [0.0753,  -0.0427,  0.3614,  -4.0271,  -0.5065,  1.1798,  -0.1174,  -0.2870,  -0.6257,  9.0203,  0.5078,  -2.0711,  0.0653,  -0.1454,  -0.9368,  7.0759,  -0.6441,  -2.4164,  -0.0466,  -0.0009,  0.0107,  -0.4135,  -0.3235,  -0.6096,  -0.1063,  -0.1379,  -0.4318,  2.8861,  -1.9846,  -0.5772],  
 [-0.1037,  -0.0213,  -0.0202,  1.3598,  -1.3864,  -1.8523,  0.2947,  -0.0655,  -0.0325,  0.5078,  6.5544,  1.7215,  0.4953,  0.0414,  0.0621,  -1.3035,  4.9048,  3.1165,  -0.0273,  0.0127,  0.0289,  -0.4979,  -0.5977,  -0.2893,  0.2950,  -0.0253,  -0.0176,  -0.3332,  3.2138,  1.8715],  
 [-0.2054,  -0.0827,  -0.0622,  1.8992,  0.1811,  -2.3329,  0.5421,  0.0514,  0.3404,  -2.0711,  1.7215,  6.9660,  0.6879,  0.1460,  0.3351,  -1.5646,  4.4121,  3.2824,  -0.0307,  0.0075,  0.0049,  -0.2835,  0.2929,  -0.5777,  0.3836,  0.0402,  0.1164,  -0.7196,  1.6399,  1.9294],  
 [0.0311,  -0.0030,  0.0147,  0.0730,  -0.2036,  -3.0606,  0.0548,  -0.0106,  0.0121,  0.0653,  0.4953,  0.6879,  0.5064,  0.0098,  0.0185,  -0.4299,  -0.1403,  -0.1236,  -0.0530,  0.0025,  -0.0234,  0.0957,  -0.4728,  -0.5931,  0.0237,  0.0137,  -0.0112,  -0.0005,  0.2224,  3.0623],  
 [-0.0272,  0.0038,  0.0037,  0.3051,  0.1339,  0.0676,  0.0096,  0.0087,  0.0137,  -0.1454,  0.0414,  0.1460,  0.0098,  0.0988,  0.0753,  0.0657,  0.2091,  0.9044,  0.0090,  0.0102,  0.0171,  -0.1854,  0.0138,  0.1439,  0.0219,  -0.0027,  -0.0054,  -0.3333,  0.0496,  0.0059],  
 [-0.0586,  0.0226,  0.0116,  1.3255,  0.5328,  -0.1704,  0.0180,  0.0398,  0.0699,  -0.9368,  0.0621,  0.3351,  0.0185,  0.0753,  0.3620,  -0.0480,  0.0086,  0.8528,  0.0231,  0.0440,  0.0698,  -0.8373,  0.0231,  0.4365,  0.0536,  0.0283,  0.0155,  -1.3351,  0.0951,  0.0817],  
 [-0.2072,  0.1759,  1.0835,  -1.3634,  1.8954,  4.3562,  -0.0951,  -0.3077,  -0.5048,  7.0759,  -1.3035,  -1.5646,  -0.4299,  0.0657,  -0.0480,  19.6784,  1.2177,  1.4637,  0.1711,  0.3223,  0.4902,  -6.1613,  1.1410,  2.7383,  -0.0637,  -0.2635,  -1.0539,  -0.9477,  -1.8892,  -4.1901],  
 [-0.3218,  -0.0272,  0.0113,  2.5276,  1.7041,  1.3940,  0.6565,  -0.0046,  0.1928,  -0.6441,  4.9048,  4.4121,  -0.1403,  0.2091,  0.0086,  1.2177,  27.1785,  1.9778,  0.7276,  0.0699,  0.2803,  -1.3645,  5.6810,  5.6934,  0.3392,  -0.1075,  -0.0692,  -2.7477,  0.1607,  -0.7650],  
 [-3.0818,  -0.4398,  0.1713,  3.8408,  5.9824,  -4.0470,  0.2352,  -0.0082,  0.2457,  -2.4164,  3.1165,  3.2824,  -0.1236,  0.9044,  0.8528,  1.4637,  1.9778,  120.0491,  0.2986,  -0.0129,  0.2805,  -2.6711,  3.6016,  3.3526,  3.0175,  -0.4754,  0.0792,  -5.5696,  1.2700,  -1.2399],  
 [-0.0390,  -0.0061,  0.0069,  0.0239,  0.4204,  0.1037,  -0.0036,  0.0019,  0.0023,  -0.0466,  -0.0273,  -0.0307,  -0.0530,  0.0090,  0.0231,  0.1711,  0.7276,  0.2986,  0.0672,  0.0098,  0.0381,  -0.2175,  0.3239,  0.6913,  0.0118,  -0.0001,  -0.0008,  -0.2461,  -0.2565,  -0.1758],  
 [-0.0046,  0.0090,  0.0213,  0.1583,  0.0813,  -0.0186,  0.0013,  -0.0005,  0.0002,  -0.0009,  0.0127,  0.0075,  0.0025,  0.0102,  0.0440,  0.3223,  0.0699,  -0.0129,  0.0098,  0.0253,  0.0288,  -0.3185,  -0.0871,  0.2122,  0.0025,  0.0005,  -0.0174,  -0.1841,  -0.0036,  0.0031],  
 [-0.0251,  0.0063,  0.0327,  0.2129,  0.2809,  0.1012,  0.0022,  0.0001,  -0.0006,  0.0107,  0.0289,  0.0049,  -0.0234,  0.0171,  0.0698,  0.4902,  0.2803,  0.2805,  0.0381,  0.0288,  0.0660,  -0.6674,  -0.0840,  0.5615,  0.0145,  -0.0009,  -0.0212,  -0.3468,  -0.1179,  -0.1699],  
 [0.1951,  -0.0983,  -0.4042,  -2.9530,  -2.4543,  -0.9063,  -0.0488,  0.0114,  0.0193,  -0.4135,  -0.4979,  -0.2835,  0.0957,  -0.1854,  -0.8373,  -6.1613,  -1.3645,  -2.6711,  -0.2175,  -0.3185,  -0.6674,  8.9879,  0.5966,  -3.5159,  -0.1488,  0.0056,  0.2932,  3.8437,  0.6978,  1.4526],  
 [-0.3355,  -0.0930,  -0.0367,  -0.0784,  3.2053,  1.5579,  0.0116,  0.0005,  0.0334,  -0.3235,  -0.5977,  0.2929,  -0.4728,  0.0138,  0.0231,  1.1410,  5.6810,  3.6016,  0.3239,  -0.0871,  -0.0840,  0.5966,  7.9523,  1.3537,  0.1272,  -0.0215,  -0.0001,  -1.3397,  -1.9821,  -1.7512],  
 [-0.3873,  -0.0046,  0.1767,  0.8624,  3.5107,  1.3666,  -0.0434,  0.0277,  0.0279,  -0.6096,  -0.2893,  -0.5777,  -0.5931,  0.1439,  0.4365,  2.7383,  5.6934,  3.3526,  0.6913,  0.2122,  0.5615,  -3.5159,  1.3537,  9.5701,  0.1467,  -0.0125,  -0.0883,  -2.6846,  -1.5143,  -2.3912],  
 [-0.1033,  -0.0242,  0.0004,  0.2622,  0.1307,  -0.2738,  0.0378,  -0.0001,  0.0180,  -0.1063,  0.2950,  0.3836,  0.0237,  0.0219,  0.0536,  -0.0637,  0.3392,  3.0175,  0.0118,  0.0025,  0.0145,  -0.1488,  0.1272,  0.1467,  0.1269,  -0.0079,  0.0040,  -0.2537,  0.0993,  0.2336],  
 [0.0165,  -0.0115,  -0.0117,  0.0763,  0.0804,  -0.2346,  -0.0030,  0.0090,  0.0092,  -0.1379,  -0.0253,  0.0402,  0.0137,  -0.0027,  0.0283,  -0.2635,  -0.1075,  -0.4754,  -0.0001,  0.0005,  -0.0009,  0.0056,  -0.0215,  -0.0125,  -0.0079,  0.0357,  0.0178,  -0.0904,  -0.0297,  0.2124],  
 [0.0028,  -0.0119,  -0.0790,  0.0641,  0.2013,  -0.0514,  0.0024,  0.0199,  0.0327,  -0.4318,  -0.0176,  0.1164,  -0.0112,  -0.0054,  0.0155,  -1.0539,  -0.0692,  0.0792,  -0.0008,  -0.0174,  -0.0212,  0.2932,  -0.0001,  -0.0883,  0.0040,  0.0178,  0.1164,  -0.1262,  -0.4598,  -0.1513],  
 [0.3452,  -0.0680,  -0.0742,  -4.9469,  -5.4985,  0.6314,  -0.0298,  -0.1372,  -0.1946,  2.8861,  -0.3332,  -0.7196,  -0.0005,  -0.3333,  -1.3351,  -0.9477,  -2.7477,  -5.5696,  -0.2461,  -0.1841,  -0.3468,  3.8437,  -1.3397,  -2.6846,  -0.2537,  -0.0904,  -0.1262,  11.6056,  4.5722,  -0.0301],  
 [0.1260,  0.0991,  0.1403,  2.3389,  -12.7622,  -1.2093,  0.2643,  0.0153,  0.1760,  -1.9846,  3.2138,  1.6399,  0.2224,  0.0496,  0.0951,  -1.8892,  0.1607,  1.2700,  -0.2565,  -0.0036,  -0.1179,  0.6978,  -1.9821,  -1.5143,  0.0993,  -0.0297,  -0.4598,  4.5722,  30.6215,  1.2691],  
 [0.2771,  -0.1042,  0.0232,  -0.0739,  -0.7920,  -27.5487,  0.1073,  -0.0343,  0.0656,  -0.5772,  1.8715,  1.9294,  3.0623,  0.0059,  0.0817,  -4.1901,  -0.7650,  -1.2399,  -0.1758,  0.0031,  -0.1699,  1.4526,  -1.7512,  -2.3912,  0.2336,  0.2124,  -0.1513,  -0.0301,  1.2691,  30.9029]]
[[73.3811,  -2.7765,  -1.0851,  0.3491,  -0.0213,  1.2462,  -16.6963,  10.3393,  2.0690,  0.0899,  0.3085,  0.9308,  10.0079,  -2.1959,  3.6590,  0.7551,  -1.0547,  0.6362,  61.1161,  1.1802,  -12.0957,  0.2842,  0.4822,  -1.1186,  44.2392,  -15.2487,  -1.8841,  -0.0157,  -0.0074,  -0.4946],  
 [-2.7765,  49.1726,  -2.4550,  -0.0060,  -0.1575,  -0.1689,  -5.1821,  -1.5289,  3.5934,  0.3916,  -0.0662,  0.3446,  0.4347,  2.3925,  -6.2525,  -0.1085,  -0.2122,  -0.1752,  8.1636,  -10.2255,  7.7508,  0.2335,  0.2674,  -0.5066,  15.5301,  22.9200,  -1.7487,  0.0712,  -0.1268,  -0.2408],  
 [-1.0851,  -2.4550,  36.2567,  -0.2391,  0.1000,  0.7153,  -6.7918,  6.3179,  0.0113,  0.1234,  0.1588,  0.3115,  -1.1474,  1.2359,  -0.4238,  -1.2984,  0.1800,  -0.0871,  -2.8199,  4.9144,  -1.7075,  0.0116,  0.2736,  -0.1411,  1.0958,  -4.8792,  14.4091,  0.1831,  0.0302,  0.6300],  
 [0.3491,  -0.0060,  -0.2391,  0.1750,  0.0011,  0.0074,  -0.3977,  0.1250,  -0.0858,  -0.0021,  0.0012,  0.0290,  0.1250,  -0.0412,  -0.5830,  0.0319,  -0.0267,  0.0022,  0.5624,  -0.2577,  0.3609,  0.0293,  0.0099,  -0.0064,  0.2064,  0.0240,  0.0004,  0.0081,  -0.0040,  -0.0009],  
 [-0.0213,  -0.1575,  0.1000,  0.0011,  0.0451,  -0.0090,  0.1646,  0.1277,  0.1562,  0.0101,  -0.0024,  -0.0255,  -0.0289,  0.0180,  -0.0143,  -0.0038,  0.0057,  -0.0037,  -0.3035,  0.0418,  -0.0952,  -0.0009,  -0.0086,  0.0085,  0.0242,  -0.1411,  0.0095,  0.0077,  0.0145,  -0.0056],  
 [1.2462,  -0.1689,  0.7153,  0.0074,  -0.0090,  0.2124,  0.0588,  0.2821,  0.1293,  -0.0003,  0.0133,  -0.0030,  0.5120,  -0.2844,  0.0146,  0.0103,  -0.0381,  0.0288,  1.4302,  0.2282,  -0.3164,  0.0014,  0.0271,  -0.0037,  0.3358,  -0.0493,  0.7218,  -0.0022,  0.0066,  0.1356],  
 [-16.6963,  -5.1821,  -6.7918,  -0.3977,  0.1646,  0.0588,  210.3780,  -6.1719,  -117.8203,  -5.4455,  -3.2451,  -7.2910,  -11.3687,  -0.3537,  10.5984,  -0.3367,  -2.9194,  0.9708,  54.1736,  13.1321,  -29.3463,  -0.6888,  -0.7694,  -1.2024,  -55.8030,  10.7566,  3.3305,  -0.1338,  -0.0941,  1.6845],  
 [10.3393,  -1.5289,  6.3179,  0.1250,  0.1277,  0.2821,  -6.1719,  186.1692,  75.2362,  6.6374,  3.3481,  -2.2698,  5.6880,  -4.0622,  -14.2665,  2.2104,  -1.1378,  -0.0820,  23.5724,  9.1123,  4.6033,  0.7896,  0.6663,  -1.1713,  14.0039,  -15.5958,  1.5966,  0.2253,  -0.0198,  0.1057],  
 [2.0690,  3.5934,  0.0113,  -0.0858,  0.1562,  0.1293,  -117.8203,  75.2362,  441.5283,  24.7155,  8.3787,  -6.9961,  7.4282,  1.1493,  -21.9738,  2.3945,  -0.4813,  -0.5428,  -4.6356,  -4.6167,  27.6549,  1.4705,  0.8639,  -0.9028,  20.8989,  4.3517,  -12.7811,  -0.4888,  -0.3360,  -0.5296],  
 [0.0899,  0.3916,  0.1234,  -0.0021,  0.0101,  -0.0003,  -5.4455,  6.6374,  24.7155,  1.7475,  0.4440,  -0.3406,  -0.0636,  -0.2741,  -0.5018,  0.0379,  -0.0454,  -0.0027,  0.2363,  0.3157,  1.0088,  0.0821,  0.0526,  -0.0475,  0.0793,  -0.2658,  -0.6134,  -0.0303,  -0.0069,  0.0136],  
 [0.3085,  -0.0662,  0.1588,  0.0012,  -0.0024,  0.0133,  -3.2451,  3.3481,  8.3787,  0.4440,  0.4683,  -0.0228,  -0.1444,  -0.0102,  -0.5834,  0.1019,  -0.0744,  0.0018,  0.5976,  0.0023,  0.5383,  0.0534,  0.0483,  -0.0259,  -0.2179,  -0.2632,  -0.1602,  0.0014,  -0.0293,  0.0236],  
 [0.9308,  0.3446,  0.3115,  0.0290,  -0.0255,  -0.0030,  -7.2910,  -2.2698,  -6.9961,  -0.3406,  -0.0228,  0.9685,  -0.6485,  -0.4260,  0.2648,  -0.1066,  0.0947,  0.0142,  -1.7786,  -0.3481,  -0.0018,  -0.0383,  -0.0034,  0.1101,  0.0873,  -1.1966,  -0.2187,  -0.0180,  -0.0014,  0.0202],  
 [10.0079,  0.4347,  -1.1474,  0.1250,  -0.0289,  0.5120,  -11.3687,  5.6880,  7.4282,  -0.0636,  -0.1444,  -0.6485,  11.8900,  -0.1573,  -1.9695,  0.4012,  0.0247,  -0.0760,  7.8719,  -1.4130,  1.2213,  0.1693,  0.3034,  -0.0252,  14.9060,  1.5183,  0.1539,  0.0803,  0.0665,  -0.7405],  
 [-2.1959,  2.3925,  1.2359,  -0.0412,  0.0180,  -0.2844,  -0.3537,  -4.0622,  1.1493,  -0.2741,  -0.0102,  -0.4260,  -0.1573,  15.0015,  -3.8049,  0.0090,  -0.0589,  -0.2584,  -1.1914,  -0.5087,  3.9433,  0.1083,  0.1301,  -0.2543,  5.3500,  3.5060,  1.4447,  0.1262,  -0.0020,  -0.2575],  
 [3.6590,  -6.2525,  -0.4238,  -0.5830,  -0.0143,  0.0146,  10.5984,  -14.2665,  -21.9738,  -0.5018,  -0.5834,  0.2648,  -1.9695,  -3.8049,  15.8262,  -0.3074,  0.2331,  0.2298,  6.7840,  -4.0417,  -15.5065,  -0.3863,  -0.5736,  0.1477,  -7.0691,  -6.9235,  -0.1771,  0.5877,  -0.0601,  0.1424],  
 [0.7551,  -0.1085,  -1.2984,  0.0319,  -0.0038,  0.0103,  -0.3367,  2.2104,  2.3945,  0.0379,  0.1019,  -0.1066,  0.4012,  0.0090,  -0.3074,  0.3109,  -0.0327,  -0.0055,  1.3571,  -1.3015,  -1.0669,  0.0023,  -0.0580,  0.0064,  0.9517,  0.3843,  0.7694,  0.0090,  0.0139,  -0.0026],  
 [-1.0547,  -0.2122,  0.1800,  -0.0267,  0.0057,  -0.0381,  -2.9194,  -1.1378,  -0.4813,  -0.0454,  -0.0744,  0.0947,  0.0247,  -0.0589,  0.2331,  -0.0327,  0.1849,  -0.0235,  -3.8619,  -0.6016,  0.4318,  -0.0223,  -0.0278,  0.1109,  0.1111,  0.1724,  0.1021,  0.0194,  0.0059,  -0.0347],  
 [0.6362,  -0.1752,  -0.0871,  0.0022,  -0.0037,  0.0288,  0.9708,  -0.0820,  -0.5428,  -0.0027,  0.0018,  0.0142,  -0.0760,  -0.2584,  0.2298,  -0.0055,  -0.0235,  0.0461,  0.7321,  0.1358,  -0.3100,  -0.0041,  0.0013,  -0.0000,  -0.8924,  -0.0150,  -0.0625,  -0.0023,  -0.0044,  0.0329],  
 [61.1161,  8.1636,  -2.8199,  0.5624,  -0.3035,  1.4302,  54.1736,  23.5724,  -4.6356,  0.2363,  0.5976,  -1.7786,  7.8719,  -1.1914,  6.7840,  1.3571,  -3.8619,  0.7321,  240.3188,  27.9411,  -108.8367,  -3.4760,  -4.2086,  -8.4250,  31.3816,  -11.1369,  -4.6174,  0.2697,  -0.0144,  -0.1465],  
 [1.1802,  -10.2255,  4.9144,  -0.2577,  0.0418,  0.2282,  13.1321,  9.1123,  -4.6167,  0.3157,  0.0023,  -0.3481,  -1.4130,  -0.5087,  -4.0417,  -1.3015,  -0.6016,  0.1358,  27.9411,  114.3118,  -21.6224,  0.8270,  0.6522,  -2.2139,  -2.3896,  -9.2543,  2.9584,  0.0732,  0.0477,  0.0716],  
 [-12.0957,  7.7508,  -1.7075,  0.3609,  -0.0952,  -0.3164,  -29.3463,  4.6033,  27.6549,  1.0088,  0.5383,  -0.0018,  1.2213,  3.9433,  -15.5065,  -1.0669,  0.4318,  -0.3100,  -108.8367,  -21.6224,  338.9839,  16.8420,  7.4618,  -5.9364,  -2.2916,  8.0200,  -0.2577,  0.2439,  0.2013,  0.0315],  
 [0.2842,  0.2335,  0.0116,  0.0293,  -0.0009,  0.0014,  -0.6888,  0.7896,  1.4705,  0.0821,  0.0534,  -0.0383,  0.1693,  0.1083,  -0.3863,  0.0023,  -0.0223,  -0.0041,  -3.4760,  0.8270,  16.8420,  1.1145,  0.3493,  -0.3550,  0.3263,  0.2477,  -0.0123,  0.0049,  0.0086,  -0.0077],  
 [0.4822,  0.2674,  0.2736,  0.0099,  -0.0086,  0.0271,  -0.7694,  0.6663,  0.8639,  0.0526,  0.0483,  -0.0034,  0.3034,  0.1301,  -0.5736,  -0.0580,  -0.0278,  0.0013,  -4.2086,  0.6522,  7.4618,  0.3493,  0.4299,  0.0089,  0.2054,  0.0413,  0.2349,  0.0093,  0.0034,  0.0080],  
 [-1.1186,  -0.5066,  -0.1411,  -0.0064,  0.0085,  -0.0037,  -1.2024,  -1.1713,  -0.9028,  -0.0475,  -0.0259,  0.1101,  -0.0252,  -0.2543,  0.1477,  0.0064,  0.1109,  -0.0000,  -8.4250,  -2.2139,  -5.9364,  -0.3550,  0.0089,  0.8798,  -1.1651,  0.2734,  0.1912,  -0.0332,  -0.0100,  0.0229],  
 [44.2392,  15.5301,  1.0958,  0.2064,  0.0242,  0.3358,  -55.8030,  14.0039,  20.8989,  0.0793,  -0.2179,  0.0873,  14.9060,  5.3500,  -7.0691,  0.9517,  0.1111,  -0.8924,  31.3816,  -2.3896,  -2.2916,  0.3263,  0.2054,  -1.1651,  84.2489,  -1.1881,  -0.4287,  0.2167,  0.1112,  -1.7967],  
 [-15.2487,  22.9200,  -4.8792,  0.0240,  -0.1411,  -0.0493,  10.7566,  -15.5958,  4.3517,  -0.2658,  -0.2632,  -1.1966,  1.5183,  3.5060,  -6.9235,  0.3843,  0.1724,  -0.0150,  -11.1369,  -9.2543,  8.0200,  0.2477,  0.0413,  0.2734,  -1.1881,  56.6769,  -3.9898,  0.0277,  -0.1053,  -0.2874],  
 [-1.8841,  -1.7487,  14.4091,  0.0004,  0.0095,  0.7218,  3.3305,  1.5966,  -12.7811,  -0.6134,  -0.1602,  -0.2187,  0.1539,  1.4447,  -0.1771,  0.7694,  0.1021,  -0.0625,  -4.6174,  2.9584,  -0.2577,  -0.0123,  0.2349,  0.1912,  -0.4287,  -3.9898,  31.2485,  0.2775,  0.4316,  0.9293],  
 [-0.0157,  0.0712,  0.1831,  0.0081,  0.0077,  -0.0022,  -0.1338,  0.2253,  -0.4888,  -0.0303,  0.0014,  -0.0180,  0.0803,  0.1262,  0.5877,  0.0090,  0.0194,  -0.0023,  0.2697,  0.0732,  0.2439,  0.0049,  0.0093,  -0.0332,  0.2167,  0.0277,  0.2775,  0.1936,  -0.0210,  -0.0060],  
 [-0.0074,  -0.1268,  0.0302,  -0.0040,  0.0145,  0.0066,  -0.0941,  -0.0198,  -0.3360,  -0.0069,  -0.0293,  -0.0014,  0.0665,  -0.0020,  -0.0601,  0.0139,  0.0059,  -0.0044,  -0.0144,  0.0477,  0.2013,  0.0086,  0.0034,  -0.0100,  0.1112,  -0.1053,  0.4316,  -0.0210,  0.0549,  0.0038],  
 [-0.4946,  -0.2408,  0.6300,  -0.0009,  -0.0056,  0.1356,  1.6845,  0.1057,  -0.5296,  0.0136,  0.0236,  0.0202,  -0.7405,  -0.2575,  0.1424,  -0.0026,  -0.0347,  0.0329,  -0.1465,  0.0716,  0.0315,  -0.0077,  0.0080,  0.0229,  -1.7967,  -0.2874,  0.9293,  -0.0060,  0.0038,  0.2442]]
