[0.5336,  -9.5446,  0.5425,  -0.1473,  -0.1058,  -0.0420,  13.8543,  -36.8311,  -33.9392,  -3.2047,  8.5806,  -1.6897,  -1.5648,  2.0950,  36.0105,  -0.2667,  -0.0706,  3.2772,  10.7549,  -31.7781,  -27.4149,  -3.1772,  8.9403,  -2.0198,  1.1409,  -10.7807,  0.2422,  0.0988,  -0.0980,  0.0161]
[[0.1175,  0.0113,  -0.0087,  -0.3549,  -0.2006,  -0.3659,  -0.0161,  -0.0005,  -0.0111,  0.0758,  -0.0829,  -0.1928,  0.0595,  -0.0300,  -0.0804,  -0.2488,  -0.3652,  -2.4724,  -0.0446,  -0.0036,  -0.0198,  0.0963,  -0.3515,  -0.4793,  -0.0940,  0.0180,  0.0099,  0.3719,  -0.0612,  0.3313],  
 [0.0113,  0.0427,  0.0144,  0.0547,  -0.0607,  0.2825,  -0.0054,  0.0014,  0.0024,  -0.0768,  -0.0329,  -0.0809,  -0.0227,  -0.0109,  0.0160,  0.2243,  -0.1488,  -0.5703,  -0.0079,  0.0068,  0.0024,  -0.0557,  -0.0756,  -0.0159,  -0.0193,  -0.0133,  -0.0123,  -0.0382,  0.1369,  -0.2495],  
 [-0.0087,  0.0144,  0.1067,  0.0919,  -0.4907,  0.0163,  0.0010,  -0.0179,  -0.0224,  0.3426,  0.0147,  -0.0623,  -0.0069,  0.0076,  0.0130,  1.0646,  -0.0825,  0.2158,  0.0041,  0.0181,  0.0267,  -0.3323,  -0.0511,  0.1456,  0.0072,  -0.0106,  -0.0774,  -0.0575,  0.2217,  -0.1921],  
 [-0.3549,  0.0547,  0.0919,  11.2441,  -3.6740,  0.0389,  0.2227,  0.1515,  0.3613,  -4.1102,  0.9990,  3.0198,  0.0250,  0.3211,  1.2866,  -0.5754,  0.9075,  7.8210,  -0.0030,  0.1209,  0.1470,  -2.1289,  -0.3172,  0.5511,  0.4307,  0.0127,  0.0230,  -5.0137,  3.8907,  -0.7146],  
 [-0.2006,  -0.0607,  -0.4907,  -3.6740,  29.9023,  -0.5155,  -0.2066,  0.0295,  -0.0334,  0.0159,  -1.9956,  -0.9551,  -0.1620,  0.0094,  0.1522,  0.9152,  2.2840,  3.2585,  0.2771,  -0.0410,  0.0879,  -0.6347,  4.1655,  1.5661,  -0.0460,  0.1237,  0.2264,  -2.4667,  -12.6820,  1.6435],  
 [-0.3659,  0.2825,  0.0163,  0.0389,  -0.5155,  32.3417,  -0.1859,  0.0023,  -0.1445,  0.9899,  -1.1723,  -2.4649,  -2.7228,  -0.2726,  -0.0079,  7.1960,  -2.2445,  -7.3887,  0.1173,  -0.0177,  0.0296,  0.1730,  1.8322,  1.8663,  0.1378,  -0.1904,  -0.1285,  1.0441,  1.5110,  -29.0101],  
 [-0.0161,  -0.0054,  0.0010,  0.2227,  -0.2066,  -0.1859,  0.0721,  0.0095,  0.0348,  -0.1328,  0.3188,  0.7813,  0.0653,  0.0111,  0.0203,  -0.0637,  0.7966,  0.2786,  -0.0044,  0.0019,  0.0024,  -0.0685,  0.0008,  -0.0571,  0.0419,  -0.0060,  0.0002,  0.0333,  0.3383,  0.1326],  
 [-0.0005,  0.0014,  -0.0179,  0.1515,  0.0295,  0.0023,  0.0095,  0.0201,  0.0233,  -0.2665,  -0.0343,  0.1981,  -0.0029,  0.0073,  0.0358,  -0.2887,  0.1035,  -0.0176,  0.0007,  -0.0008,  0.0004,  -0.0043,  -0.0037,  0.0034,  0.0051,  0.0060,  0.0184,  -0.1239,  0.0615,  -0.0196],  
 [-0.0111,  0.0024,  -0.0224,  0.3613,  -0.0334,  -0.1445,  0.0348,  0.0233,  0.0585,  -0.6156,  -0.0227,  0.5157,  0.0197,  0.0142,  0.0721,  -0.4498,  0.2852,  0.1978,  0.0003,  0.0015,  0.0024,  -0.0425,  -0.0092,  0.0042,  0.0195,  0.0036,  0.0287,  -0.1847,  0.2532,  0.0968],  
 [0.0758,  -0.0768,  0.3426,  -4.1102,  0.0159,  0.9899,  -0.1328,  -0.2665,  -0.6156,  8.9322,  0.3975,  -2.7739,  0.0693,  -0.1318,  -0.9053,  6.4957,  -0.9481,  -1.6897,  -0.0277,  -0.0128,  -0.0217,  0.1966,  0.2089,  -0.4269,  -0.0753,  -0.0699,  -0.3972,  2.7631,  -2.3976,  -0.7274],  
 [-0.0829,  -0.0329,  0.0147,  0.9990,  -1.9956,  -1.1723,  0.3188,  -0.0343,  -0.0227,  0.3975,  6.3063,  2.3734,  0.4028,  0.0231,  -0.0048,  -0.9180,  5.1531,  2.2429,  -0.0266,  0.0001,  -0.0028,  -0.0916,  -0.3380,  -0.3450,  0.2522,  -0.0503,  -0.0462,  0.3762,  2.5676,  1.1684],  
 [-0.1928,  -0.0809,  -0.0623,  3.0198,  -0.9551,  -2.4649,  0.7813,  0.1981,  0.5157,  -2.7739,  2.3734,  10.2703,  0.8124,  0.1857,  0.4943,  -1.4148,  6.9166,  2.2814,  -0.0605,  0.0272,  0.0385,  -1.0204,  -0.1433,  -0.8638,  0.4526,  -0.0061,  0.1077,  -0.3895,  3.2009,  1.6577],  
 [0.0595,  -0.0227,  -0.0069,  0.0250,  -0.1620,  -2.7228,  0.0653,  -0.0029,  0.0197,  0.0693,  0.4028,  0.8124,  0.4827,  0.0114,  -0.0095,  -0.7640,  0.2816,  -0.8102,  -0.0716,  0.0053,  -0.0163,  -0.1320,  -0.4872,  -0.8919,  -0.0187,  0.0243,  0.0037,  0.0439,  0.1682,  2.7731],  
 [-0.0300,  -0.0109,  0.0076,  0.3211,  0.0094,  -0.2726,  0.0111,  0.0073,  0.0142,  -0.1318,  0.0231,  0.1857,  0.0114,  0.0952,  0.0834,  0.0707,  0.1281,  0.9355,  0.0143,  0.0110,  0.0146,  -0.1237,  0.0348,  0.2370,  0.0354,  0.0021,  -0.0106,  -0.3084,  0.0719,  0.3060],  
 [-0.0804,  0.0160,  0.0130,  1.2866,  0.1522,  -0.0079,  0.0203,  0.0358,  0.0721,  -0.9053,  -0.0048,  0.4943,  -0.0095,  0.0834,  0.3389,  0.0553,  -0.2506,  1.5935,  0.0130,  0.0330,  0.0515,  -0.6666,  -0.0324,  0.3232,  0.0811,  0.0119,  0.0057,  -1.1819,  0.2838,  -0.1646],  
 [-0.2488,  0.2243,  1.0646,  -0.5754,  0.9152,  7.1960,  -0.0637,  -0.2887,  -0.4498,  6.4957,  -0.9180,  -1.4148,  -0.7640,  0.0707,  0.0553,  22.2886,  1.2799,  2.4132,  0.1485,  0.2497,  0.4095,  -5.1632,  1.6850,  2.1867,  0.0384,  -0.1777,  -1.0769,  -0.6902,  -0.7988,  -6.9612],  
 [-0.3652,  -0.1488,  -0.0825,  0.9075,  2.2840,  -2.2445,  0.7966,  0.1035,  0.2852,  -0.9481,  5.1531,  6.9166,  0.2816,  0.1281,  -0.2506,  1.2799,  28.6327,  1.3672,  0.7467,  -0.0057,  0.2215,  -0.5608,  6.9878,  5.3498,  0.3115,  -0.0047,  -0.1230,  -1.1386,  0.7590,  2.6355],  
 [-2.4724,  -0.5703,  0.2158,  7.8210,  3.2585,  -7.3887,  0.2786,  -0.0176,  0.1978,  -1.6897,  2.2429,  2.2814,  -0.8102,  0.9355,  1.5935,  2.4132,  1.3672,  109.9032,  0.3720,  0.0611,  0.3199,  -3.0813,  3.9655,  4.8987,  2.5763,  -0.1012,  -0.1662,  -7.1849,  4.6479,  7.7185],  
 [-0.0446,  -0.0079,  0.0041,  -0.0030,  0.2771,  0.1173,  -0.0044,  0.0007,  0.0003,  -0.0277,  -0.0266,  -0.0605,  -0.0716,  0.0143,  0.0130,  0.1485,  0.7467,  0.3720,  0.0722,  0.0045,  0.0293,  -0.0665,  0.3577,  0.7302,  0.0180,  -0.0047,  -0.0042,  -0.2185,  -0.2163,  -0.1877],  
 [-0.0036,  0.0068,  0.0181,  0.1209,  -0.0410,  -0.0177,  0.0019,  -0.0008,  0.0015,  -0.0128,  0.0001,  0.0272,  0.0053,  0.0110,  0.0330,  0.2497,  -0.0057,  0.0611,  0.0045,  0.0182,  0.0181,  -0.2100,  -0.0993,  0.1277,  0.0032,  -0.0002,  -0.0158,  -0.1132,  0.0172,  -0.0045],  
 [-0.0198,  0.0024,  0.0267,  0.1470,  0.0879,  0.0296,  0.0024,  0.0004,  0.0024,  -0.0217,  -0.0028,  0.0385,  -0.0163,  0.0146,  0.0515,  0.4095,  0.2215,  0.3199,  0.0293,  0.0181,  0.0470,  -0.4892,  -0.0276,  0.3924,  0.0119,  0.0021,  -0.0210,  -0.2628,  -0.0589,  -0.0933],  
 [0.0963,  -0.0557,  -0.3323,  -2.1289,  -0.6347,  0.1730,  -0.0685,  -0.0043,  -0.0425,  0.1966,  -0.0916,  -1.0204,  -0.1320,  -0.1237,  -0.6666,  -5.1632,  -0.5608,  -3.0813,  -0.0665,  -0.2100,  -0.4892,  7.2906,  0.6494,  -1.3069,  -0.0810,  -0.0612,  0.2760,  2.7777,  -0.1663,  0.2945],  
 [-0.3515,  -0.0756,  -0.0511,  -0.3172,  4.1655,  1.8322,  0.0008,  -0.0037,  -0.0092,  0.2089,  -0.3380,  -0.1433,  -0.4872,  0.0348,  -0.0324,  1.6850,  6.9878,  3.9655,  0.3577,  -0.0993,  -0.0276,  0.6494,  8.0528,  2.2760,  0.1196,  -0.0311,  -0.0493,  -1.3671,  -1.7878,  -1.4756],  
 [-0.4793,  -0.0159,  0.1456,  0.5511,  1.5661,  1.8663,  -0.0571,  0.0034,  0.0042,  -0.4269,  -0.3450,  -0.8638,  -0.8919,  0.2370,  0.3232,  2.1867,  5.3498,  4.8987,  0.7302,  0.1277,  0.3924,  -1.3069,  2.2760,  9.6274,  0.2648,  -0.0940,  -0.1076,  -2.0172,  -1.5148,  -2.9684],  
 [-0.0940,  -0.0193,  0.0072,  0.4307,  -0.0460,  0.1378,  0.0419,  0.0051,  0.0195,  -0.0753,  0.2522,  0.4526,  -0.0187,  0.0354,  0.0811,  0.0384,  0.3115,  2.5763,  0.0180,  0.0032,  0.0119,  -0.0810,  0.1196,  0.2648,  0.1217,  -0.0119,  0.0008,  -0.2543,  0.2618,  -0.2865],  
 [0.0180,  -0.0133,  -0.0106,  0.0127,  0.1237,  -0.1904,  -0.0060,  0.0060,  0.0036,  -0.0699,  -0.0503,  -0.0061,  0.0243,  0.0021,  0.0119,  -0.1777,  -0.0047,  -0.1012,  -0.0047,  -0.0002,  0.0021,  -0.0612,  -0.0311,  -0.0940,  -0.0119,  0.0398,  0.0124,  -0.0818,  -0.0640,  0.1792],  
 [0.0099,  -0.0123,  -0.0774,  0.0230,  0.2264,  -0.1285,  0.0002,  0.0184,  0.0287,  -0.3972,  -0.0462,  0.1077,  0.0037,  -0.0106,  0.0057,  -1.0769,  -0.1230,  -0.1662,  -0.0042,  -0.0158,  -0.0210,  0.2760,  -0.0493,  -0.1076,  0.0008,  0.0124,  0.0973,  0.0355,  -0.1229,  -0.0096],  
 [0.3719,  -0.0382,  -0.0575,  -5.0137,  -2.4667,  1.0441,  0.0333,  -0.1239,  -0.1847,  2.7631,  0.3762,  -0.3895,  0.0439,  -0.3084,  -1.1819,  -0.6902,  -1.1386,  -7.1849,  -0.2185,  -0.1132,  -0.2628,  2.7777,  -1.3671,  -2.0172,  -0.2543,  -0.0818,  0.0355,  10.7625,  0.1046,  -1.0310],  
 [-0.0612,  0.1369,  0.2217,  3.8907,  -12.6820,  1.5110,  0.3383,  0.0615,  0.2532,  -2.3976,  2.5676,  3.2009,  0.1682,  0.0719,  0.2838,  -0.7988,  0.7590,  4.6479,  -0.2163,  0.0172,  -0.0589,  -0.1663,  -1.7878,  -1.5148,  0.2618,  -0.0640,  -0.1229,  0.1046,  29.5283,  0.3784],  
 [0.3313,  -0.2495,  -0.1921,  -0.7146,  1.6435,  -29.0101,  0.1326,  -0.0196,  0.0968,  -0.7274,  1.1684,  1.6577,  2.7731,  0.3060,  -0.1646,  -6.9612,  2.6355,  7.7185,  -0.1877,  -0.0045,  -0.0933,  0.2945,  -1.4756,  -2.9684,  -0.2865,  0.1792,  -0.0096,  -1.0310,  0.3784,  33.5762]]
[[78.4981,  2.2628,  -3.1875,  0.2723,  -0.0737,  1.9651,  -8.0898,  -16.4039,  -8.4593,  -0.5052,  -0.3812,  1.2739,  9.4829,  -6.8978,  10.7822,  0.2921,  -0.6194,  0.9545,  58.8010,  -11.0502,  -22.8899,  -0.5837,  0.5666,  -0.3343,  30.0886,  -16.8207,  -4.0860,  -0.0357,  -0.1301,  0.7496],  
 [2.2628,  48.9906,  -5.7754,  0.1012,  -0.2115,  -0.2594,  -11.0977,  -17.3567,  -8.0542,  0.0947,  -0.3190,  1.6122,  -1.0090,  5.9362,  -3.9182,  -0.5240,  -0.0587,  0.0328,  12.7148,  -9.9939,  10.2315,  0.1116,  0.2240,  -0.9899,  12.5714,  17.3990,  -2.0153,  0.2136,  -0.1663,  0.0278],  
 [-3.1875,  -5.7754,  40.9171,  -0.1880,  0.4070,  1.1819,  -3.3565,  6.8702,  -10.8958,  -0.5758,  -0.1780,  0.3175,  -1.4291,  0.7639,  0.4077,  -0.8282,  0.5671,  -0.0602,  -8.1028,  1.4692,  -7.3543,  -0.2159,  -0.1304,  0.1357,  -1.5412,  -3.4308,  22.9006,  0.0122,  -0.1110,  1.1133],  
 [0.2723,  0.1012,  -0.1880,  0.1979,  0.0229,  0.0023,  0.0437,  0.1048,  -0.6614,  -0.0141,  -0.0118,  0.0253,  0.1077,  -0.0143,  -0.5455,  0.0043,  -0.0250,  0.0053,  0.5329,  -0.3462,  0.0965,  -0.0016,  0.0050,  0.0085,  -0.1512,  0.0320,  -0.1405,  0.0313,  -0.0024,  -0.0034],  
 [-0.0737,  -0.2115,  0.4070,  0.0229,  0.0572,  -0.0026,  0.4413,  0.2058,  -0.1527,  -0.0087,  -0.0018,  -0.0286,  -0.0220,  0.0367,  -0.0816,  -0.0177,  -0.0025,  -0.0024,  -0.0793,  0.0725,  -0.1002,  0.0015,  -0.0179,  0.0035,  -0.1181,  -0.1126,  -0.0192,  0.0072,  0.0177,  -0.0064],  
 [1.9651,  -0.2594,  1.1819,  0.0023,  -0.0026,  0.2613,  0.3144,  0.0417,  -0.2730,  -0.0225,  -0.0093,  -0.0077,  0.6057,  -0.2549,  0.3575,  0.0046,  -0.0234,  0.0292,  1.8932,  -0.2965,  -1.3943,  -0.0497,  0.0040,  0.0285,  0.6396,  -0.4216,  0.9825,  0.0061,  -0.0222,  0.1795],  
 [-8.0898,  -11.0977,  -3.3565,  0.0437,  0.4413,  0.3144,  292.3222,  81.4993,  -74.2283,  -3.9898,  -2.1974,  -15.8280,  9.4695,  1.6282,  5.8244,  1.6018,  -5.4163,  0.3479,  89.7927,  5.8797,  -23.5645,  -0.0184,  0.9948,  -2.0778,  -41.9625,  18.7363,  8.7542,  0.1718,  -0.0466,  -0.1356],  
 [-16.4039,  -17.3567,  6.8702,  0.1048,  0.2058,  0.0417,  81.4993,  174.0068,  12.3426,  1.0883,  1.8485,  -8.6284,  12.2530,  -0.4181,  -11.1874,  2.3485,  -2.3680,  -0.0534,  27.5762,  14.3606,  -12.6418,  -0.1477,  0.6399,  -0.3936,  -11.0034,  -3.6477,  7.0228,  0.6425,  0.0037,  -0.0854],  
 [-8.4593,  -8.0542,  -10.8958,  -0.6614,  -0.1527,  -0.2730,  -74.2283,  12.3426,  360.0260,  17.4135,  7.7420,  -9.0778,  6.3063,  4.9120,  -16.4996,  2.1041,  -0.7871,  -0.3639,  -8.1270,  5.3809,  12.7352,  0.5291,  0.5141,  0.1086,  10.4674,  7.2192,  -8.3747,  -0.0797,  -0.2585,  -0.4602],  
 [-0.5052,  0.0947,  -0.5758,  -0.0141,  -0.0087,  -0.0225,  -3.9898,  1.0883,  17.4135,  1.1685,  0.3423,  -0.3468,  -0.0661,  0.0329,  0.0645,  0.0125,  -0.0003,  -0.0041,  -0.6664,  0.3856,  0.8530,  0.0411,  0.0160,  0.0017,  -0.3937,  0.1734,  -0.1887,  0.0080,  0.0008,  -0.0161],  
 [-0.3812,  -0.3190,  -0.1780,  -0.0118,  -0.0018,  -0.0093,  -2.1974,  1.8485,  7.7420,  0.3423,  0.4522,  -0.1584,  0.1597,  0.1930,  -0.6694,  0.0957,  -0.0949,  -0.0030,  0.5099,  0.4662,  0.1075,  0.0133,  0.0532,  -0.0005,  -0.4013,  0.3192,  0.0559,  -0.0040,  -0.0140,  -0.0108],  
 [1.2739,  1.6122,  0.3175,  0.0253,  -0.0286,  -0.0077,  -15.8280,  -8.6284,  -9.0778,  -0.3468,  -0.1584,  1.6830,  -1.3733,  -0.4188,  0.3562,  -0.2451,  0.3077,  0.0206,  -4.3829,  -0.5634,  0.7598,  -0.0160,  -0.0666,  0.1307,  0.9939,  -1.0333,  -0.7381,  -0.0530,  0.0035,  0.0328],  
 [9.4829,  -1.0090,  -1.4291,  0.1077,  -0.0220,  0.6057,  9.4695,  12.2530,  6.3063,  -0.0661,  0.1597,  -1.3733,  12.0261,  -0.4033,  0.3171,  0.6057,  -0.5036,  0.3195,  16.9223,  -6.4733,  -11.0068,  -0.2488,  0.1214,  0.5110,  -1.2440,  -2.5537,  0.6789,  0.1005,  -0.0193,  -0.3441],  
 [-6.8978,  5.9362,  0.7639,  -0.0143,  0.0367,  -0.2549,  1.6282,  -0.4181,  4.9120,  0.0329,  0.1930,  -0.4188,  -0.4033,  18.0524,  -6.1057,  -0.0565,  -0.0671,  -0.1209,  -2.3957,  -2.6822,  8.6882,  0.0786,  0.0815,  -0.6075,  -2.3316,  2.6781,  2.5265,  0.0283,  0.0074,  -0.3249],  
 [10.7822,  -3.9182,  0.4077,  -0.5455,  -0.0816,  0.3575,  5.8244,  -11.1874,  -16.4996,  0.0645,  -0.6694,  0.3562,  0.3171,  -6.1057,  17.7842,  -0.2799,  0.3999,  0.2424,  8.7148,  -9.3556,  -7.5735,  0.1666,  -0.3248,  -0.0428,  -4.5618,  -5.9009,  -0.6902,  0.5290,  0.0189,  0.1801],  
 [0.2921,  -0.5240,  -0.8282,  0.0043,  -0.0177,  0.0046,  1.6018,  2.3485,  2.1041,  0.0125,  0.0957,  -0.2451,  0.6057,  -0.0565,  -0.2799,  0.2416,  -0.0768,  0.0019,  1.2738,  -0.7052,  -1.6233,  -0.0351,  -0.0163,  0.0569,  0.1547,  0.1854,  0.8756,  -0.0033,  -0.0027,  0.0039],  
 [-0.6194,  -0.0587,  0.5671,  -0.0250,  -0.0025,  -0.0234,  -5.4163,  -2.3680,  -0.7871,  -0.0003,  -0.0949,  0.3077,  -0.5036,  -0.0671,  0.3999,  -0.0768,  0.2606,  -0.0144,  -4.3801,  -0.4543,  0.3371,  -0.0102,  -0.0987,  0.1107,  0.4600,  -0.6121,  0.2318,  -0.0074,  0.0035,  -0.0013],  
 [0.9545,  0.0328,  -0.0602,  0.0053,  -0.0024,  0.0292,  0.3479,  -0.0534,  -0.3639,  -0.0041,  -0.0030,  0.0206,  0.3195,  -0.1209,  0.2424,  0.0019,  -0.0144,  0.0447,  0.9909,  -0.2364,  -0.6942,  -0.0128,  -0.0026,  0.0190,  -0.6062,  -0.2701,  -0.0385,  -0.0004,  -0.0029,  -0.0167],  
 [58.8010,  12.7148,  -8.1028,  0.5329,  -0.0793,  1.8932,  89.7927,  27.5762,  -8.1270,  -0.6664,  0.5099,  -4.3829,  16.9223,  -2.3957,  8.7148,  1.2738,  -4.3801,  0.9909,  225.9158,  9.3382,  -107.2299,  -4.7348,  -1.4288,  -7.4381,  9.9677,  0.2783,  -8.1886,  1.0303,  -0.0905,  0.4364],  
 [-11.0502,  -9.9939,  1.4692,  -0.3462,  0.0725,  -0.2965,  5.8797,  14.3606,  5.3809,  0.3856,  0.4662,  -0.5634,  -6.4733,  -2.6822,  -9.3556,  -0.7052,  -0.4543,  -0.2364,  9.3382,  140.5778,  -1.1980,  1.5756,  1.7532,  -2.8537,  2.1134,  0.2103,  6.6965,  -0.0279,  0.1370,  0.1176],  
 [-22.8899,  10.2315,  -7.3543,  0.0965,  -0.1002,  -1.3943,  -23.5645,  -12.6418,  12.7352,  0.8530,  0.1075,  0.7598,  -11.0068,  8.6882,  -7.5735,  -1.6233,  0.3371,  -0.6942,  -107.2299,  -1.1980,  383.7231,  20.6194,  5.5984,  -7.3307,  8.3089,  -1.7435,  -4.9563,  1.1865,  0.2734,  -0.3268],  
 [-0.5837,  0.1116,  -0.2159,  -0.0016,  0.0015,  -0.0497,  -0.0184,  -0.1477,  0.5291,  0.0411,  0.0133,  -0.0160,  -0.2488,  0.0786,  0.1666,  -0.0351,  -0.0102,  -0.0128,  -4.7348,  1.5756,  20.6194,  1.3949,  0.3018,  -0.4050,  -0.0507,  0.0706,  -0.2736,  0.0535,  0.0146,  -0.0241],  
 [0.5666,  0.2240,  -0.1304,  0.0050,  -0.0179,  0.0040,  0.9948,  0.6399,  0.5141,  0.0160,  0.0532,  -0.0666,  0.1214,  0.0815,  -0.3248,  -0.0163,  -0.0987,  -0.0026,  -1.4288,  1.7532,  5.5984,  0.3018,  0.3581,  -0.0720,  0.3688,  0.0760,  0.1734,  0.0257,  0.0009,  0.0072],  
 [-0.3343,  -0.9899,  0.1357,  0.0085,  0.0035,  0.0285,  -2.0778,  -0.3936,  0.1086,  0.0017,  -0.0005,  0.1307,  0.5110,  -0.6075,  -0.0428,  0.0569,  0.1107,  0.0190,  -7.4381,  -2.8537,  -7.3307,  -0.4050,  -0.0720,  0.9350,  -1.2101,  0.1315,  0.4724,  -0.0966,  -0.0065,  -0.0086],  
 [30.0886,  12.5714,  -1.5412,  -0.1512,  -0.1181,  0.6396,  -41.9625,  -11.0034,  10.4674,  -0.3937,  -0.4013,  0.9939,  -1.2440,  -2.3316,  -4.5618,  0.1547,  0.4600,  -0.6062,  9.9677,  2.1134,  8.3089,  -0.0507,  0.3688,  -1.2101,  61.8136,  0.6112,  -3.1268,  0.1128,  -0.1213,  1.1822],  
 [-16.8207,  17.3990,  -3.4308,  0.0320,  -0.1126,  -0.4216,  18.7363,  -3.6477,  7.2192,  0.1734,  0.3192,  -1.0333,  -2.5537,  2.6781,  -5.9009,  0.1854,  -0.6121,  -0.2701,  0.2783,  0.2103,  -1.7435,  0.0706,  0.0760,  0.1315,  0.6112,  44.6437,  -3.2340,  0.1335,  -0.0752,  -0.0475],  
 [-4.0860,  -2.0153,  22.9006,  -0.1405,  -0.0192,  0.9825,  8.7542,  7.0228,  -8.3747,  -0.1887,  0.0559,  -0.7381,  0.6789,  2.5265,  -0.6902,  0.8756,  0.2318,  -0.0385,  -8.1886,  6.6965,  -4.9563,  -0.2736,  0.1734,  0.4724,  -3.1268,  -3.2340,  43.0375,  -0.0997,  -0.0285,  1.1103],  
 [-0.0357,  0.2136,  0.0122,  0.0313,  0.0072,  0.0061,  0.1718,  0.6425,  -0.0797,  0.0080,  -0.0040,  -0.0530,  0.1005,  0.0283,  0.5290,  -0.0033,  -0.0074,  -0.0004,  1.0303,  -0.0279,  1.1865,  0.0535,  0.0257,  -0.0966,  0.1128,  0.1335,  -0.0997,  0.1955,  0.0009,  0.0119],  
 [-0.1301,  -0.1663,  -0.1110,  -0.0024,  0.0177,  -0.0222,  -0.0466,  0.0037,  -0.2585,  0.0008,  -0.0140,  0.0035,  -0.0193,  0.0074,  0.0189,  -0.0027,  0.0035,  -0.0029,  -0.0905,  0.1370,  0.2734,  0.0146,  0.0009,  -0.0065,  -0.1213,  -0.0752,  -0.0285,  0.0009,  0.0487,  -0.0196],  
 [0.7496,  0.0278,  1.1133,  -0.0034,  -0.0064,  0.1795,  -0.1356,  -0.0854,  -0.4602,  -0.0161,  -0.0108,  0.0328,  -0.3441,  -0.3249,  0.1801,  0.0039,  -0.0013,  -0.0167,  0.4364,  0.1176,  -0.3268,  -0.0241,  0.0072,  -0.0086,  1.1822,  -0.0475,  1.1103,  0.0119,  -0.0196,  0.2341]]
