[1.5962,  -7.0349,  0.5270,  -0.0941,  -0.0990,  0.0503,  12.4363,  -36.1887,  -30.8483,  -3.1748,  8.7876,  -1.5902,  -0.8299,  4.6875,  33.3482,  -0.1298,  -0.2475,  3.3502,  14.9963,  -32.2532,  -29.9556,  -3.2012,  8.8696,  -1.9891,  0.6015,  -9.5318,  0.3039,  -0.1048,  -0.0975,  0.0041]
[[0.1078,  0.0163,  -0.0040,  -0.1915,  -0.2685,  -0.1580,  -0.0118,  0.0007,  -0.0111,  0.0593,  -0.0364,  -0.1968,  0.0387,  -0.0264,  -0.0505,  -0.0599,  -0.3156,  -2.3307,  -0.0435,  0.0009,  -0.0168,  0.0787,  -0.3619,  -0.4536,  -0.0846,  0.0101,  -0.0032,  0.2422,  0.1016,  0.1732],  
 [0.0163,  0.0370,  0.0126,  0.0848,  -0.0050,  0.2077,  -0.0055,  0.0015,  -0.0004,  -0.0418,  -0.0391,  -0.0955,  -0.0181,  -0.0056,  0.0191,  0.2124,  -0.0787,  -0.7181,  -0.0062,  0.0070,  0.0042,  -0.0817,  -0.0535,  -0.0101,  -0.0232,  -0.0107,  -0.0131,  -0.0394,  0.0840,  -0.1843],  
 [-0.0040,  0.0126,  0.1029,  0.1520,  -0.4359,  0.0608,  0.0036,  -0.0142,  -0.0215,  0.3156,  0.0744,  -0.0413,  -0.0183,  0.0030,  0.0186,  0.9274,  0.0363,  0.0188,  0.0039,  0.0143,  0.0236,  -0.3298,  0.0149,  0.1194,  0.0082,  -0.0119,  -0.0704,  -0.0898,  0.2256,  -0.3126],  
 [-0.1915,  0.0848,  0.1520,  8.9264,  -3.6625,  0.1399,  0.1245,  0.1108,  0.2091,  -2.2944,  0.7613,  1.5255,  -0.0789,  0.2470,  1.0162,  0.1741,  -0.0446,  3.7900,  -0.0240,  0.1038,  0.1179,  -1.8911,  -0.0973,  0.3227,  0.2377,  0.0438,  -0.0280,  -4.1851,  2.8866,  -1.2578],  
 [-0.2685,  -0.0050,  -0.4359,  -3.6625,  25.3592,  0.3317,  -0.2166,  -0.0050,  -0.0738,  0.7656,  -2.4914,  -1.0995,  -0.2068,  0.0373,  0.0836,  1.6541,  1.1858,  3.7891,  0.3293,  0.0172,  0.1426,  -1.0921,  3.6680,  2.8128,  -0.0478,  0.0664,  0.2137,  -0.9981,  -12.8830,  1.8519],  
 [-0.1580,  0.2077,  0.0608,  0.1399,  0.3317,  25.3206,  -0.1412,  -0.0246,  -0.1209,  1.1483,  -1.9149,  -1.6136,  -2.1377,  -0.2316,  -0.1052,  6.5900,  -1.9019,  -8.8114,  0.0648,  0.0002,  0.0344,  -0.3784,  1.2918,  1.0119,  -0.0919,  -0.1804,  -0.2533,  1.6428,  1.4073,  -22.0036],  
 [-0.0118,  -0.0055,  0.0036,  0.1245,  -0.2166,  -0.1412,  0.0552,  0.0023,  0.0219,  -0.0463,  0.2822,  0.5475,  0.0509,  0.0092,  0.0052,  -0.0694,  0.5851,  0.2986,  -0.0033,  0.0001,  0.0011,  -0.0241,  -0.0292,  -0.0387,  0.0359,  -0.0040,  0.0006,  0.0369,  0.2585,  0.1052],  
 [0.0007,  0.0015,  -0.0142,  0.1108,  -0.0050,  -0.0246,  0.0023,  0.0151,  0.0181,  -0.2059,  -0.1055,  0.1034,  -0.0021,  0.0071,  0.0290,  -0.2520,  -0.0152,  -0.0448,  -0.0010,  -0.0002,  -0.0011,  0.0200,  -0.0138,  -0.0026,  -0.0001,  0.0064,  0.0165,  -0.1035,  0.0058,  -0.0063],  
 [-0.0111,  -0.0004,  -0.0215,  0.2091,  -0.0738,  -0.1209,  0.0219,  0.0181,  0.0480,  -0.4847,  -0.1613,  0.3713,  0.0099,  0.0131,  0.0532,  -0.4257,  0.0897,  0.2581,  0.0001,  -0.0003,  -0.0027,  0.0488,  0.0198,  0.0071,  0.0151,  0.0071,  0.0296,  -0.1419,  0.1215,  0.0532],  
 [0.0593,  -0.0418,  0.3156,  -2.2944,  0.7656,  1.1483,  -0.0463,  -0.2059,  -0.4847,  6.8676,  1.3262,  -1.7489,  0.0853,  -0.0965,  -0.6220,  6.0562,  0.5591,  -1.8000,  -0.0108,  0.0080,  0.0457,  -0.8770,  -0.0828,  -0.2739,  -0.0376,  -0.0894,  -0.3882,  1.9169,  -1.4359,  -0.4922],  
 [-0.0364,  -0.0391,  0.0744,  0.7613,  -2.4914,  -1.9149,  0.2822,  -0.1055,  -0.1613,  1.3262,  8.4832,  1.0722,  0.5053,  -0.0146,  -0.1666,  -1.0192,  4.9766,  1.7222,  -0.0270,  -0.0070,  0.0177,  -0.2522,  -1.2431,  -0.3303,  0.2577,  -0.0795,  -0.0635,  0.5555,  3.3689,  1.7783],  
 [-0.1968,  -0.0955,  -0.0413,  1.5255,  -1.0995,  -1.6136,  0.5475,  0.1034,  0.3713,  -1.7489,  1.0722,  7.2681,  0.5560,  0.1977,  0.2942,  -1.3457,  4.1061,  4.1439,  -0.0434,  0.0025,  0.0032,  -0.1844,  -0.1250,  -0.5360,  0.3999,  0.0174,  0.1160,  -0.3918,  1.6038,  1.0061],  
 [0.0387,  -0.0181,  -0.0183,  -0.0789,  -0.2068,  -2.1377,  0.0509,  -0.0021,  0.0099,  0.0853,  0.5053,  0.5560,  0.3897,  0.0119,  -0.0102,  -0.7750,  0.0321,  -0.2453,  -0.0629,  0.0018,  -0.0185,  0.0281,  -0.5785,  -0.7443,  0.0103,  0.0136,  0.0085,  -0.0402,  0.1731,  2.2458],  
 [-0.0264,  -0.0056,  0.0030,  0.2470,  0.0373,  -0.2316,  0.0092,  0.0071,  0.0131,  -0.0965,  -0.0146,  0.1977,  0.0119,  0.0873,  0.0647,  0.0196,  0.0299,  0.9074,  0.0041,  0.0056,  0.0071,  -0.0777,  0.0274,  0.1307,  0.0298,  0.0087,  -0.0076,  -0.2159,  0.1321,  0.3309],  
 [-0.0505,  0.0191,  0.0186,  1.0162,  0.0836,  -0.1052,  0.0052,  0.0290,  0.0532,  -0.6220,  -0.1666,  0.2942,  -0.0102,  0.0647,  0.2868,  0.0565,  -0.5035,  0.8039,  0.0030,  0.0260,  0.0386,  -0.5333,  -0.0098,  0.1932,  0.0468,  0.0127,  0.0122,  -0.9831,  0.0383,  -0.1796],  
 [-0.0599,  0.2124,  0.9274,  0.1741,  1.6541,  6.5900,  -0.0694,  -0.2520,  -0.4257,  6.0562,  -1.0192,  -1.3457,  -0.7750,  0.0196,  0.0565,  17.8373,  0.4410,  -2.3235,  0.0960,  0.2244,  0.3472,  -5.2446,  1.7599,  1.4604,  -0.0646,  -0.1860,  -0.9157,  -0.3131,  -1.9210,  -6.7463],  
 [-0.3156,  -0.0787,  0.0363,  -0.0446,  1.1858,  -1.9019,  0.5851,  -0.0152,  0.0897,  0.5591,  4.9766,  4.1061,  0.0321,  0.0299,  -0.5035,  0.4410,  22.9723,  1.0291,  0.7700,  0.0271,  0.1921,  -0.0569,  5.7517,  6.2994,  0.2187,  -0.0676,  -0.0502,  -0.4863,  -1.0524,  1.3839],  
 [-2.3307,  -0.7181,  0.0188,  3.7900,  3.7891,  -8.8114,  0.2986,  -0.0448,  0.2581,  -1.8000,  1.7222,  4.1439,  -0.2453,  0.9074,  0.8039,  -2.3235,  1.0291,  103.6233,  0.3516,  -0.0666,  0.2085,  -1.7985,  3.1235,  4.6445,  2.5581,  0.1028,  0.1575,  -3.8015,  3.5372,  9.3869],  
 [-0.0435,  -0.0062,  0.0039,  -0.0240,  0.3293,  0.0648,  -0.0033,  -0.0010,  0.0001,  -0.0108,  -0.0270,  -0.0434,  -0.0629,  0.0041,  0.0030,  0.0960,  0.7700,  0.3516,  0.0701,  0.0030,  0.0269,  -0.0860,  0.4146,  0.7029,  0.0140,  -0.0048,  0.0037,  -0.1541,  -0.3299,  -0.1693],  
 [0.0009,  0.0070,  0.0143,  0.1038,  0.0172,  0.0002,  0.0001,  -0.0002,  -0.0003,  0.0080,  -0.0070,  0.0025,  0.0018,  0.0056,  0.0260,  0.2244,  0.0271,  -0.0666,  0.0030,  0.0154,  0.0143,  -0.1890,  -0.0410,  0.0882,  -0.0018,  0.0003,  -0.0122,  -0.1089,  -0.0132,  -0.0265],  
 [-0.0168,  0.0042,  0.0236,  0.1179,  0.1426,  0.0344,  0.0011,  -0.0011,  -0.0027,  0.0457,  0.0177,  0.0032,  -0.0185,  0.0071,  0.0386,  0.3472,  0.1921,  0.2085,  0.0269,  0.0143,  0.0399,  -0.4218,  -0.0044,  0.3621,  0.0090,  -0.0015,  -0.0146,  -0.1977,  -0.1374,  -0.1169],  
 [0.0787,  -0.0817,  -0.3298,  -1.8911,  -1.0921,  -0.3784,  -0.0241,  0.0200,  0.0488,  -0.8770,  -0.2522,  -0.1844,  0.0281,  -0.0777,  -0.5333,  -5.2446,  -0.0569,  -1.7985,  -0.0860,  -0.1890,  -0.4218,  6.3461,  0.3659,  -1.6920,  -0.0712,  -0.0006,  0.2468,  2.3339,  0.9791,  1.0214],  
 [-0.3619,  -0.0535,  0.0149,  -0.0973,  3.6680,  1.2918,  -0.0292,  -0.0138,  0.0198,  -0.0828,  -1.2431,  -0.1250,  -0.5785,  0.0274,  -0.0098,  1.7599,  5.7517,  3.1235,  0.4146,  -0.0410,  -0.0044,  0.3659,  7.9058,  3.3453,  0.1103,  -0.0455,  0.0139,  -0.8639,  -2.6667,  -1.9871],  
 [-0.4536,  -0.0101,  0.1194,  0.3227,  2.8128,  1.0119,  -0.0387,  -0.0026,  0.0071,  -0.2739,  -0.3303,  -0.5360,  -0.7443,  0.1307,  0.1932,  1.4604,  6.2994,  4.6445,  0.7029,  0.0882,  0.3621,  -1.6920,  3.3453,  8.7995,  0.1916,  -0.0743,  -0.0159,  -1.5525,  -2.3523,  -2.2291],  
 [-0.0846,  -0.0232,  0.0082,  0.2377,  -0.0478,  -0.0919,  0.0359,  -0.0001,  0.0151,  -0.0376,  0.2577,  0.3999,  0.0103,  0.0298,  0.0468,  -0.0646,  0.2187,  2.5581,  0.0140,  -0.0018,  0.0090,  -0.0712,  0.1103,  0.1916,  0.1116,  -0.0074,  0.0082,  -0.1456,  0.1583,  -0.0558],  
 [0.0101,  -0.0107,  -0.0119,  0.0438,  0.0664,  -0.1804,  -0.0040,  0.0064,  0.0071,  -0.0894,  -0.0795,  0.0174,  0.0136,  0.0087,  0.0127,  -0.1860,  -0.0676,  0.1028,  -0.0048,  0.0003,  -0.0015,  -0.0006,  -0.0455,  -0.0743,  -0.0074,  0.0330,  0.0125,  -0.0794,  0.0203,  0.2031],  
 [-0.0032,  -0.0131,  -0.0704,  -0.0280,  0.2137,  -0.2533,  0.0006,  0.0165,  0.0296,  -0.3882,  -0.0635,  0.1160,  0.0085,  -0.0076,  0.0122,  -0.9157,  -0.0502,  0.1575,  0.0037,  -0.0122,  -0.0146,  0.2468,  0.0139,  -0.0159,  0.0082,  0.0125,  0.1020,  0.0325,  -0.4205,  0.0118],  
 [0.2422,  -0.0394,  -0.0898,  -4.1851,  -0.9981,  1.6428,  0.0369,  -0.1035,  -0.1419,  1.9169,  0.5555,  -0.3918,  -0.0402,  -0.2159,  -0.9831,  -0.3131,  -0.4863,  -3.8015,  -0.1541,  -0.1089,  -0.1977,  2.3339,  -0.8639,  -1.5525,  -0.1456,  -0.0794,  0.0325,  9.6116,  -1.3980,  -1.1225],  
 [0.1016,  0.0840,  0.2256,  2.8866,  -12.8830,  1.4073,  0.2585,  0.0058,  0.1215,  -1.4359,  3.3689,  1.6038,  0.1731,  0.1321,  0.0383,  -1.9210,  -1.0524,  3.5372,  -0.3299,  -0.0132,  -0.1374,  0.9791,  -2.6667,  -2.3523,  0.1583,  0.0203,  -0.4205,  -1.3980,  28.1890,  1.0918],  
 [0.1732,  -0.1843,  -0.3126,  -1.2578,  1.8519,  -22.0036,  0.1052,  -0.0063,  0.0532,  -0.4922,  1.7783,  1.0061,  2.2458,  0.3309,  -0.1796,  -6.7463,  1.3839,  9.3869,  -0.1693,  -0.0265,  -0.1169,  1.0214,  -1.9871,  -2.2291,  -0.0558,  0.2031,  0.0118,  -1.1225,  1.0918,  26.9494]]
[[73.9570,  6.4864,  -1.4255,  0.3444,  -0.0489,  1.6633,  -16.9386,  -10.0346,  3.2034,  0.3107,  0.1083,  1.4634,  8.0675,  -1.2322,  6.9736,  -0.0395,  -0.8083,  0.8600,  56.9481,  -7.5891,  -7.2566,  0.2713,  0.8924,  -0.7675,  30.2595,  -10.4753,  -3.4583,  0.0140,  -0.1406,  0.5131],  
 [6.4864,  58.5685,  -6.1156,  -0.1511,  -0.3845,  -0.3270,  -11.6541,  -19.5245,  -6.7285,  0.6333,  -0.0822,  2.0627,  -1.2217,  1.6683,  -3.6633,  -1.0149,  -0.4483,  0.1342,  20.4434,  -4.7383,  8.8304,  0.1998,  0.5136,  -1.2837,  13.9476,  20.4747,  -5.7525,  -0.0985,  -0.2872,  -0.2155],  
 [-1.4255,  -6.1156,  42.8837,  -0.0028,  0.5391,  1.7246,  -2.8835,  3.0617,  -8.1250,  -0.4767,  -0.3484,  0.2828,  -1.3288,  1.1931,  -0.8004,  -1.1249,  0.3522,  -0.0899,  -1.8585,  4.7565,  -5.7839,  -0.2200,  -0.1659,  -0.3487,  -1.0837,  -4.5681,  22.9340,  0.0641,  0.0603,  1.6472],  
 [0.3444,  -0.1511,  -0.0028,  0.2453,  0.0347,  0.0038,  -0.6700,  -0.5051,  -0.7410,  -0.0420,  -0.0372,  0.0726,  0.1796,  -0.0564,  -0.6504,  0.0015,  -0.0101,  0.0015,  0.4842,  -0.4455,  0.0998,  0.0043,  -0.0136,  0.0042,  0.0593,  -0.2761,  0.0659,  0.0353,  0.0045,  -0.0007],  
 [-0.0489,  -0.3845,  0.5391,  0.0347,  0.0773,  -0.0131,  0.1455,  0.0120,  -0.1187,  -0.0190,  -0.0145,  -0.0153,  -0.0472,  0.0411,  -0.0987,  -0.0204,  0.0108,  -0.0062,  -0.0665,  0.0355,  -0.4209,  -0.0186,  -0.0343,  -0.0043,  0.0017,  -0.2828,  0.0938,  0.0111,  0.0272,  -0.0133],  
 [1.6633,  -0.3270,  1.7246,  0.0038,  -0.0131,  0.3128,  -0.1793,  0.5602,  0.2529,  -0.0072,  0.0131,  -0.0257,  0.7022,  -0.1714,  0.2555,  0.0170,  -0.0195,  0.0225,  1.3923,  -0.0988,  -0.3492,  0.0185,  0.0366,  0.0167,  0.5995,  -0.3153,  1.5973,  0.0035,  -0.0160,  0.2208],  
 [-16.9386,  -11.6541,  -2.8835,  -0.6700,  0.1455,  -0.1793,  367.5797,  124.1897,  -110.1849,  -6.5571,  -1.5704,  -17.0780,  15.1362,  15.4093,  -7.4556,  2.3595,  -9.2577,  1.1195,  161.0878,  37.5192,  -70.4004,  -0.9240,  0.8328,  -3.2845,  -73.5685,  15.0820,  6.8284,  -1.0952,  -0.4167,  -1.3135],  
 [-10.0346,  -19.5245,  3.0617,  -0.5051,  0.0120,  0.5602,  124.1897,  259.8971,  4.9655,  0.3283,  3.3893,  -9.7432,  19.4291,  1.3584,  -17.0725,  5.0927,  -4.7724,  0.6163,  81.7883,  12.5800,  -37.4719,  0.2292,  0.5783,  -0.8939,  -27.2396,  -5.4561,  9.2873,  0.2147,  0.1003,  -0.0240],  
 [3.2034,  -6.7285,  -8.1250,  -0.7410,  -0.1187,  0.2529,  -110.1849,  4.9655,  473.9894,  23.0254,  10.3485,  -11.3460,  7.0128,  6.3626,  -20.3310,  3.2043,  -0.1874,  -0.1780,  -27.7168,  -12.7895,  31.7620,  1.7326,  0.6337,  1.0817,  11.2937,  1.6431,  -8.0528,  -0.6292,  -0.4735,  -0.2183],  
 [0.3107,  0.6333,  -0.4767,  -0.0420,  -0.0190,  -0.0072,  -6.5571,  0.3283,  23.0254,  1.5700,  0.4739,  -0.3451,  -0.3748,  -0.0220,  -0.1141,  -0.0295,  0.0135,  0.0069,  -1.3939,  0.5480,  2.0053,  0.1072,  0.0646,  0.0039,  0.0511,  -0.1229,  -0.3726,  -0.0203,  -0.0096,  0.0033],  
 [0.1083,  -0.0822,  -0.3484,  -0.0372,  -0.0145,  0.0131,  -1.5704,  3.3893,  10.3485,  0.4739,  0.5116,  -0.2237,  0.2999,  0.1810,  -0.7691,  0.1566,  -0.1619,  0.0236,  1.5002,  0.2854,  0.2385,  0.0754,  0.0799,  -0.0018,  -1.0128,  0.3446,  -0.2511,  -0.0278,  -0.0317,  -0.0095],  
 [1.4634,  2.0627,  0.2828,  0.0726,  -0.0153,  -0.0257,  -17.0780,  -9.7432,  -11.3460,  -0.3451,  -0.2237,  1.8457,  -1.8875,  -1.4020,  1.1359,  -0.3818,  0.3931,  -0.0201,  -5.7566,  -0.5444,  2.3373,  -0.0309,  -0.0297,  0.0844,  2.1591,  -0.8319,  -0.8237,  0.0440,  0.0169,  0.0828],  
 [8.0675,  -1.2217,  -1.3288,  0.1796,  -0.0472,  0.7022,  15.1362,  19.4291,  7.0128,  -0.3748,  0.2999,  -1.8875,  16.5881,  1.7298,  -0.8049,  1.2146,  -0.7417,  0.4334,  21.0613,  -10.5159,  -14.5963,  -0.1620,  0.1378,  0.7749,  -6.7448,  0.5460,  2.4847,  0.0902,  0.0378,  -0.6110],  
 [-1.2322,  1.6683,  1.1931,  -0.0564,  0.0411,  -0.1714,  15.4093,  1.3584,  6.3626,  -0.0220,  0.1810,  -1.4020,  1.7298,  20.0637,  -6.0860,  -0.0544,  -0.5409,  -0.0082,  13.0426,  2.3283,  5.4044,  0.0194,  0.1647,  -1.1342,  -4.6156,  -2.4811,  2.2462,  -0.1441,  -0.0332,  -0.5300],  
 [6.9736,  -3.6633,  -0.8004,  -0.6504,  -0.0987,  0.2555,  -7.4556,  -17.0725,  -20.3310,  -0.1141,  -0.7691,  1.1359,  -0.8049,  -6.0860,  18.1811,  -0.4648,  0.9138,  0.1561,  -2.3637,  -8.3756,  -9.8026,  -0.1569,  -0.3593,  0.3511,  -1.3428,  -3.4809,  -1.2405,  0.6592,  0.1108,  0.2126],  
 [-0.0395,  -1.0149,  -1.1249,  0.0015,  -0.0204,  0.0170,  2.3595,  5.0927,  3.2043,  -0.0295,  0.1566,  -0.3818,  1.2146,  -0.0544,  -0.4648,  0.4543,  -0.1022,  0.0140,  1.6948,  -2.0033,  -2.4206,  0.0136,  -0.0671,  0.1401,  -0.4304,  0.3466,  1.2049,  -0.0101,  0.0175,  -0.0058],  
 [-0.8083,  -0.4483,  0.3522,  -0.0101,  0.0108,  -0.0195,  -9.2577,  -4.7724,  -0.1874,  0.0135,  -0.1619,  0.3931,  -0.7417,  -0.5409,  0.9138,  -0.1022,  0.4829,  -0.0536,  -8.8245,  -1.9629,  2.0839,  -0.0012,  -0.1066,  0.2073,  1.9392,  -0.5455,  0.2105,  0.0389,  0.0229,  0.0333],  
 [0.8600,  0.1342,  -0.0899,  0.0015,  -0.0062,  0.0225,  1.1195,  0.6163,  -0.1780,  0.0069,  0.0236,  -0.0201,  0.4334,  -0.0082,  0.1561,  0.0140,  -0.0536,  0.0562,  1.5583,  -0.0784,  -0.6782,  0.0001,  0.0154,  -0.0007,  -1.0738,  -0.2328,  -0.0535,  -0.0033,  -0.0060,  -0.0322],  
 [56.9481,  20.4434,  -1.8585,  0.4842,  -0.0665,  1.3923,  161.0878,  81.7883,  -27.7168,  -1.3939,  1.5002,  -5.7566,  21.0613,  13.0426,  -2.3637,  1.6948,  -8.8245,  1.5583,  337.6237,  43.9660,  -150.2848,  -5.6045,  -1.9691,  -11.0609,  -16.8747,  0.0956,  -3.8612,  0.7050,  0.1208,  -0.4903],  
 [-7.5891,  -4.7383,  4.7565,  -0.4455,  0.0355,  -0.0988,  37.5192,  12.5800,  -12.7895,  0.5480,  0.2854,  -0.5444,  -10.5159,  2.3283,  -8.3756,  -2.0033,  -1.9629,  -0.0784,  43.9660,  159.5643,  3.5096,  2.2201,  1.3715,  -4.4569,  -2.3728,  -4.9868,  1.9011,  0.0650,  -0.0116,  0.4109],  
 [-7.2566,  8.8304,  -5.7839,  0.0998,  -0.4209,  -0.3492,  -70.4004,  -37.4719,  31.7620,  2.0053,  0.2385,  2.3373,  -14.5963,  5.4044,  -9.8026,  -2.4206,  2.0839,  -0.6782,  -150.2848,  3.5096,  431.8830,  21.6847,  7.8345,  -7.0366,  23.6210,  -3.7408,  -6.4558,  0.2949,  -0.0978,  0.7362],  
 [0.2713,  0.1998,  -0.2200,  0.0043,  -0.0186,  0.0185,  -0.9240,  0.2292,  1.7326,  0.1072,  0.0754,  -0.0309,  -0.1620,  0.0194,  -0.1569,  0.0136,  -0.0012,  0.0001,  -5.6045,  2.2201,  21.6847,  1.4726,  0.3980,  -0.3348,  0.5418,  0.0923,  -0.1388,  -0.0058,  -0.0157,  0.0354],  
 [0.8924,  0.5136,  -0.1659,  -0.0136,  -0.0343,  0.0366,  0.8328,  0.5783,  0.6337,  0.0646,  0.0799,  -0.0297,  0.1378,  0.1647,  -0.3593,  -0.0671,  -0.1066,  0.0154,  -1.9691,  1.3715,  7.8345,  0.3980,  0.4328,  -0.1092,  0.0426,  0.1350,  -0.2216,  -0.0061,  -0.0170,  0.0179],  
 [-0.7675,  -1.2837,  -0.3487,  0.0042,  -0.0043,  0.0167,  -3.2845,  -0.8939,  1.0817,  0.0039,  -0.0018,  0.0844,  0.7749,  -1.1342,  0.3511,  0.1401,  0.2073,  -0.0007,  -11.0609,  -4.4569,  -7.0366,  -0.3348,  -0.1092,  1.1648,  -0.7158,  0.6253,  0.3661,  -0.0651,  -0.0158,  -0.0216],  
 [30.2595,  13.9476,  -1.0837,  0.0593,  0.0017,  0.5995,  -73.5685,  -27.2396,  11.2937,  0.0511,  -1.0128,  2.1591,  -6.7448,  -4.6156,  -1.3428,  -0.4304,  1.9392,  -1.0738,  -16.8747,  -2.3728,  23.6210,  0.5418,  0.0426,  -0.7158,  78.4018,  5.7304,  -3.6337,  0.2526,  -0.0024,  1.4518],  
 [-10.4753,  20.4747,  -4.5681,  -0.2761,  -0.2828,  -0.3153,  15.0820,  -5.4561,  1.6431,  -0.1229,  0.3446,  -0.8319,  0.5460,  -2.4811,  -3.4809,  0.3466,  -0.5455,  -0.2328,  0.0956,  -4.9868,  -3.7408,  0.0923,  0.1350,  0.6253,  5.7304,  51.6790,  -5.8951,  -0.0151,  -0.2742,  -0.3231],  
 [-3.4583,  -5.7525,  22.9340,  0.0659,  0.0938,  1.5973,  6.8284,  9.2873,  -8.0528,  -0.3726,  -0.2511,  -0.8237,  2.4847,  2.2462,  -1.2405,  1.2049,  0.2105,  -0.0535,  -3.8612,  1.9011,  -6.4558,  -0.1388,  -0.2216,  0.3661,  -3.6337,  -5.8951,  42.3197,  -0.0796,  0.4312,  1.6144],  
 [0.0140,  -0.0985,  0.0641,  0.0353,  0.0111,  0.0035,  -1.0952,  0.2147,  -0.6292,  -0.0203,  -0.0278,  0.0440,  0.0902,  -0.1441,  0.6592,  -0.0101,  0.0389,  -0.0033,  0.7050,  0.0650,  0.2949,  -0.0058,  -0.0061,  -0.0651,  0.2526,  -0.0151,  -0.0796,  0.2070,  0.0250,  0.0129],  
 [-0.1406,  -0.2872,  0.0603,  0.0045,  0.0272,  -0.0160,  -0.4167,  0.1003,  -0.4735,  -0.0096,  -0.0317,  0.0169,  0.0378,  -0.0332,  0.1108,  0.0175,  0.0229,  -0.0060,  0.1208,  -0.0116,  -0.0978,  -0.0157,  -0.0170,  -0.0158,  -0.0024,  -0.2742,  0.4312,  0.0250,  0.0666,  -0.0094],  
 [0.5131,  -0.2155,  1.6472,  -0.0007,  -0.0133,  0.2208,  -1.3135,  -0.0240,  -0.2183,  0.0033,  -0.0095,  0.0828,  -0.6110,  -0.5300,  0.2126,  -0.0058,  0.0333,  -0.0322,  -0.4903,  0.4109,  0.7362,  0.0354,  0.0179,  -0.0216,  1.4518,  -0.3231,  1.6144,  0.0129,  -0.0094,  0.3070]]
