[-1.6024,  -10.9515,  1.9109,  0.0567,  -0.0874,  0.0404,  16.5426,  -28.7649,  -22.5879,  -3.0817,  9.1882,  -2.4178,  0.0000,  0.2713,  30.9881,  -0.0000,  -0.6735,  3.2264,  16.5426,  -28.7649,  -22.5879,  -3.0817,  9.1882,  -2.4178,  1.6024,  -10.9515,  1.9109,  -0.0567,  -0.0874,  0.0404]
[[0.1439,  0.0155,  -0.0101,  -0.2337,  -0.1811,  -0.3256,  -0.0098,  0.0010,  -0.0078,  0.0622,  -0.0798,  -0.1157,  0.0303,  -0.0183,  -0.0632,  -0.3096,  -0.4006,  -3.3837,  -0.0382,  -0.0028,  -0.0258,  0.2020,  -0.2881,  -0.3513,  -0.1103,  0.0245,  0.0125,  0.3364,  0.0759,  0.2835],  
 [0.0155,  0.0448,  0.0239,  0.1236,  0.0704,  0.1231,  -0.0050,  -0.0008,  -0.0034,  0.0143,  -0.0100,  -0.0848,  -0.0006,  0.0034,  0.0311,  0.3740,  -0.0070,  -0.4773,  -0.0006,  0.0113,  0.0140,  -0.1782,  -0.0200,  0.0661,  -0.0245,  -0.0135,  -0.0176,  -0.1355,  0.0936,  -0.1495],  
 [-0.0101,  0.0239,  0.1276,  0.0099,  -0.0980,  -0.0889,  -0.0080,  -0.0215,  -0.0331,  0.4212,  -0.0227,  -0.1417,  0.0168,  -0.0008,  0.0175,  1.5727,  -0.0503,  0.0497,  0.0103,  0.0245,  0.0424,  -0.5231,  0.0140,  0.1908,  -0.0125,  -0.0176,  -0.1064,  -0.1273,  0.1678,  -0.0629],  
 [-0.2337,  0.1236,  0.0099,  12.5086,  -0.4185,  0.1737,  0.2685,  0.2126,  0.4364,  -4.7890,  1.4361,  2.9614,  0.0412,  0.4261,  1.6812,  -1.8626,  4.2893,  5.4359,  0.0611,  0.1854,  0.2730,  -3.3314,  0.1251,  1.2427,  0.3364,  0.1355,  0.1273,  -6.4053,  3.8841,  0.0465],  
 [-0.1811,  0.0704,  -0.0980,  -0.4185,  30.1265,  1.8396,  -0.2630,  0.0383,  -0.0861,  0.8121,  -2.4483,  -1.0297,  -0.3704,  0.1253,  0.3671,  3.2687,  0.2313,  3.2205,  0.2795,  0.0271,  0.2376,  -2.7143,  3.1558,  1.5854,  -0.0759,  0.0936,  0.1678,  -3.8841,  -15.3295,  -0.0550],  
 [-0.3256,  0.1231,  -0.0889,  0.1737,  1.8396,  40.1730,  -0.1389,  0.0029,  -0.1533,  1.4453,  -2.3237,  -1.6594,  -3.9377,  0.0627,  -0.0249,  6.4431,  0.7853,  -1.2944,  0.1266,  -0.0147,  0.1159,  -0.9020,  2.2193,  1.4962,  -0.2835,  -0.1495,  -0.0629,  -0.0465,  -0.0550,  -36.1192],  
 [-0.0098,  -0.0050,  -0.0080,  0.2685,  -0.2630,  -0.1389,  0.0649,  0.0035,  0.0349,  -0.2012,  0.3100,  0.6148,  0.0602,  0.0145,  0.0281,  -0.2446,  0.7190,  0.1937,  -0.0069,  0.0013,  -0.0025,  -0.0028,  -0.0044,  -0.0783,  0.0382,  -0.0006,  0.0103,  -0.0611,  0.2795,  0.1266],  
 [0.0010,  -0.0008,  -0.0215,  0.2126,  0.0383,  0.0029,  0.0035,  0.0219,  0.0238,  -0.3088,  -0.0618,  0.1023,  -0.0066,  0.0118,  0.0489,  -0.3873,  0.0425,  -0.0014,  0.0013,  0.0015,  0.0022,  -0.0154,  -0.0095,  0.0266,  0.0028,  0.0113,  0.0245,  -0.1854,  0.0271,  -0.0147],  
 [-0.0078,  -0.0034,  -0.0331,  0.4364,  -0.0861,  -0.1533,  0.0349,  0.0238,  0.0662,  -0.7211,  -0.0173,  0.4517,  0.0275,  0.0225,  0.0843,  -0.7005,  0.3141,  0.3072,  -0.0025,  0.0022,  -0.0028,  0.0361,  -0.0069,  -0.0162,  0.0258,  0.0140,  0.0424,  -0.2730,  0.2376,  0.1159],  
 [0.0622,  0.0143,  0.4212,  -4.7890,  0.8121,  1.4453,  -0.2012,  -0.3088,  -0.7211,  9.8116,  0.0839,  -2.8088,  -0.0866,  -0.2354,  -0.9701,  8.8165,  -1.7986,  -3.5843,  -0.0028,  -0.0154,  0.0361,  -0.7937,  0.2102,  -0.2965,  -0.2020,  -0.1782,  -0.5231,  3.3314,  -2.7143,  -0.9020],  
 [-0.0798,  -0.0100,  -0.0227,  1.4361,  -2.4483,  -2.3237,  0.3100,  -0.0618,  -0.0173,  0.0839,  7.0845,  1.4587,  0.5112,  0.0479,  0.0663,  -2.1016,  5.1823,  1.9705,  -0.0044,  -0.0095,  -0.0069,  0.2102,  -0.4023,  0.0951,  0.2881,  -0.0200,  0.0140,  -0.1251,  3.1558,  2.2193],  
 [-0.1157,  -0.0848,  -0.1417,  2.9614,  -1.0297,  -1.6594,  0.6148,  0.1023,  0.4517,  -2.8088,  1.4587,  8.1819,  0.6371,  0.1828,  0.4713,  -3.1095,  5.5257,  1.8752,  -0.0783,  0.0266,  -0.0162,  -0.2965,  0.0951,  -0.9927,  0.3513,  0.0661,  0.1908,  -1.2427,  1.5854,  1.4962],  
 [0.0303,  -0.0006,  0.0168,  0.0412,  -0.3704,  -3.9377,  0.0602,  -0.0066,  0.0275,  -0.0866,  0.5112,  0.6371,  0.6545,  0.0000,  0.0000,  -0.5044,  0.0000,  0.0000,  -0.0602,  0.0066,  -0.0275,  0.0866,  -0.5112,  -0.6371,  0.0303,  0.0006,  -0.0168,  0.0412,  0.3704,  3.9377],  
 [-0.0183,  0.0034,  -0.0008,  0.4261,  0.1253,  0.0627,  0.0145,  0.0118,  0.0225,  -0.2354,  0.0479,  0.1828,  0.0000,  0.1042,  0.1048,  -0.0000,  0.3283,  0.6230,  0.0145,  0.0118,  0.0225,  -0.2354,  0.0479,  0.1828,  0.0183,  0.0034,  -0.0008,  -0.4261,  0.1253,  0.0627],  
 [-0.0632,  0.0311,  0.0175,  1.6812,  0.3671,  -0.0249,  0.0281,  0.0489,  0.0843,  -0.9701,  0.0663,  0.4713,  0.0000,  0.1048,  0.4397,  -0.0000,  0.3792,  1.0273,  0.0281,  0.0489,  0.0843,  -0.9701,  0.0663,  0.4713,  0.0632,  0.0311,  0.0175,  -1.6812,  0.3671,  -0.0249],  
 [-0.3096,  0.3740,  1.5727,  -1.8626,  3.2687,  6.4431,  -0.2446,  -0.3873,  -0.7005,  8.8165,  -2.1016,  -3.1095,  -0.5044,  -0.0000,  -0.0000,  30.2624,  -0.0000,  -0.0000,  0.2446,  0.3873,  0.7005,  -8.8165,  2.1016,  3.1095,  -0.3096,  -0.3740,  -1.5727,  -1.8626,  -3.2687,  -6.4431],  
 [-0.4006,  -0.0070,  -0.0503,  4.2893,  0.2313,  0.7853,  0.7190,  0.0425,  0.3141,  -1.7986,  5.1823,  5.5257,  0.0000,  0.3283,  0.3792,  -0.0000,  31.6365,  2.9618,  0.7190,  0.0425,  0.3141,  -1.7986,  5.1823,  5.5257,  0.4006,  -0.0070,  -0.0503,  -4.2893,  0.2313,  0.7853],  
 [-3.3837,  -0.4773,  0.0497,  5.4359,  3.2205,  -1.2944,  0.1937,  -0.0014,  0.3072,  -3.5843,  1.9705,  1.8752,  0.0000,  0.6230,  1.0273,  -0.0000,  2.9618,  140.4161,  0.1937,  -0.0014,  0.3072,  -3.5843,  1.9705,  1.8752,  3.3837,  -0.4773,  0.0497,  -5.4359,  3.2205,  -1.2944],  
 [-0.0382,  -0.0006,  0.0103,  0.0611,  0.2795,  0.1266,  -0.0069,  0.0013,  -0.0025,  -0.0028,  -0.0044,  -0.0783,  -0.0602,  0.0145,  0.0281,  0.2446,  0.7190,  0.1937,  0.0649,  0.0035,  0.0349,  -0.2012,  0.3100,  0.6148,  0.0098,  -0.0050,  -0.0080,  -0.2685,  -0.2630,  -0.1389],  
 [-0.0028,  0.0113,  0.0245,  0.1854,  0.0271,  -0.0147,  0.0013,  0.0015,  0.0022,  -0.0154,  -0.0095,  0.0266,  0.0066,  0.0118,  0.0489,  0.3873,  0.0425,  -0.0014,  0.0035,  0.0219,  0.0238,  -0.3088,  -0.0618,  0.1023,  -0.0010,  -0.0008,  -0.0215,  -0.2126,  0.0383,  0.0029],  
 [-0.0258,  0.0140,  0.0424,  0.2730,  0.2376,  0.1159,  -0.0025,  0.0022,  -0.0028,  0.0361,  -0.0069,  -0.0162,  -0.0275,  0.0225,  0.0843,  0.7005,  0.3141,  0.3072,  0.0349,  0.0238,  0.0662,  -0.7211,  -0.0173,  0.4517,  0.0078,  -0.0034,  -0.0331,  -0.4364,  -0.0861,  -0.1533],  
 [0.2020,  -0.1782,  -0.5231,  -3.3314,  -2.7143,  -0.9020,  -0.0028,  -0.0154,  0.0361,  -0.7937,  0.2102,  -0.2965,  0.0866,  -0.2354,  -0.9701,  -8.8165,  -1.7986,  -3.5843,  -0.2012,  -0.3088,  -0.7211,  9.8116,  0.0839,  -2.8088,  -0.0622,  0.0143,  0.4212,  4.7890,  0.8121,  1.4453],  
 [-0.2881,  -0.0200,  0.0140,  0.1251,  3.1558,  2.2193,  -0.0044,  -0.0095,  -0.0069,  0.2102,  -0.4023,  0.0951,  -0.5112,  0.0479,  0.0663,  2.1016,  5.1823,  1.9705,  0.3100,  -0.0618,  -0.0173,  0.0839,  7.0845,  1.4587,  0.0798,  -0.0100,  -0.0227,  -1.4361,  -2.4483,  -2.3237],  
 [-0.3513,  0.0661,  0.1908,  1.2427,  1.5854,  1.4962,  -0.0783,  0.0266,  -0.0162,  -0.2965,  0.0951,  -0.9927,  -0.6371,  0.1828,  0.4713,  3.1095,  5.5257,  1.8752,  0.6148,  0.1023,  0.4517,  -2.8088,  1.4587,  8.1819,  0.1157,  -0.0848,  -0.1417,  -2.9614,  -1.0297,  -1.6594],  
 [-0.1103,  -0.0245,  -0.0125,  0.3364,  -0.0759,  -0.2835,  0.0382,  0.0028,  0.0258,  -0.2020,  0.2881,  0.3513,  0.0303,  0.0183,  0.0632,  -0.3096,  0.4006,  3.3837,  0.0098,  -0.0010,  0.0078,  -0.0622,  0.0798,  0.1157,  0.1439,  -0.0155,  0.0101,  -0.2337,  0.1811,  0.3256],  
 [0.0245,  -0.0135,  -0.0176,  0.1355,  0.0936,  -0.1495,  -0.0006,  0.0113,  0.0140,  -0.1782,  -0.0200,  0.0661,  0.0006,  0.0034,  0.0311,  -0.3740,  -0.0070,  -0.4773,  -0.0050,  -0.0008,  -0.0034,  0.0143,  -0.0100,  -0.0848,  -0.0155,  0.0448,  0.0239,  -0.1236,  0.0704,  0.1231],  
 [0.0125,  -0.0176,  -0.1064,  0.1273,  0.1678,  -0.0629,  0.0103,  0.0245,  0.0424,  -0.5231,  0.0140,  0.1908,  -0.0168,  -0.0008,  0.0175,  -1.5727,  -0.0503,  0.0497,  -0.0080,  -0.0215,  -0.0331,  0.4212,  -0.0227,  -0.1417,  0.0101,  0.0239,  0.1276,  -0.0099,  -0.0980,  -0.0889],  
 [0.3364,  -0.1355,  -0.1273,  -6.4053,  -3.8841,  -0.0465,  -0.0611,  -0.1854,  -0.2730,  3.3314,  -0.1251,  -1.2427,  0.0412,  -0.4261,  -1.6812,  -1.8626,  -4.2893,  -5.4359,  -0.2685,  -0.2126,  -0.4364,  4.7890,  -1.4361,  -2.9614,  -0.2337,  -0.1236,  -0.0099,  12.5086,  0.4185,  -0.1737],  
 [0.0759,  0.0936,  0.1678,  3.8841,  -15.3295,  -0.0550,  0.2795,  0.0271,  0.2376,  -2.7143,  3.1558,  1.5854,  0.3704,  0.1253,  0.3671,  -3.2687,  0.2313,  3.2205,  -0.2630,  0.0383,  -0.0861,  0.8121,  -2.4483,  -1.0297,  0.1811,  0.0704,  -0.0980,  0.4185,  30.1265,  1.8396],  
 [0.2835,  -0.1495,  -0.0629,  0.0465,  -0.0550,  -36.1192,  0.1266,  -0.0147,  0.1159,  -0.9020,  2.2193,  1.4962,  3.9377,  0.0627,  -0.0249,  -6.4431,  0.7853,  -1.2944,  -0.1389,  0.0029,  -0.1533,  1.4453,  -2.3237,  -1.6594,  0.3256,  0.1231,  -0.0889,  -0.1737,  1.8396,  40.1730]]
[[54.0077,  -8.5854,  -4.3133,  0.0488,  -0.0862,  0.9034,  -14.3760,  0.2398,  -0.4472,  -0.1866,  0.0682,  0.6743,  7.0599,  -4.8224,  5.2024,  0.8061,  -0.2599,  0.5700,  32.9127,  -3.3293,  -0.8894,  0.4030,  0.4646,  -0.4891,  26.5080,  -10.2007,  -1.0938,  0.0357,  0.0140,  -0.2064],  
 [-8.5854,  47.3210,  -2.4473,  -0.1695,  -0.2484,  -0.0485,  1.3102,  -1.1035,  -1.8386,  0.0261,  -0.2754,  0.3673,  -1.4678,  3.6722,  -5.6141,  -0.1916,  -0.2045,  -0.1543,  9.4746,  -6.2327,  -3.1850,  -0.2114,  -0.4091,  -0.5469,  10.2007,  24.2538,  -2.3746,  0.0697,  -0.2319,  0.1261],  
 [-4.3133,  -2.4473,  50.0743,  -0.2307,  -0.1562,  1.4894,  -2.6802,  8.6604,  -4.7158,  -0.1913,  -0.0076,  0.0048,  -0.6610,  3.2211,  -2.4510,  -0.9896,  0.2643,  -0.1030,  -3.5312,  5.6494,  -7.0920,  -0.3106,  0.0716,  -0.1234,  1.0938,  -2.3746,  31.3928,  0.1074,  -0.3783,  1.4073],  
 [0.0488,  -0.1695,  -0.2307,  0.1932,  0.0040,  -0.0128,  -0.3330,  -0.1764,  -0.2896,  -0.0059,  -0.0147,  0.0194,  0.0952,  -0.0074,  -0.6079,  0.0118,  -0.0140,  -0.0027,  0.0949,  -0.2577,  0.2553,  0.0180,  0.0035,  0.0098,  0.0357,  -0.0697,  -0.1074,  0.0031,  -0.0051,  -0.0177],  
 [-0.0862,  -0.2484,  -0.1562,  0.0040,  0.0591,  -0.0343,  0.2312,  0.0254,  -0.1187,  -0.0076,  -0.0077,  -0.0135,  -0.0163,  -0.0197,  0.0149,  -0.0113,  0.0050,  -0.0052,  -0.1313,  0.0750,  -0.2385,  -0.0050,  -0.0174,  0.0098,  -0.0140,  -0.2319,  -0.3783,  0.0051,  0.0289,  -0.0345],  
 [0.9034,  -0.0485,  1.4894,  -0.0128,  -0.0343,  0.2471,  0.1556,  0.1543,  -0.1978,  -0.0205,  0.0136,  -0.0053,  0.3983,  -0.2642,  0.0846,  -0.0053,  -0.0237,  0.0218,  0.9768,  0.3611,  -0.0262,  -0.0006,  0.0330,  -0.0079,  0.2064,  0.1261,  1.4073,  0.0177,  -0.0345,  0.1864],  
 [-14.3760,  1.3102,  -2.6802,  -0.3330,  0.2312,  0.1556,  160.4621,  4.7045,  -100.9051,  -4.7121,  -3.8401,  -5.5666,  -4.5929,  -5.8867,  8.0681,  -1.0055,  -1.5648,  0.4935,  19.7835,  8.4917,  -9.6748,  -0.4057,  0.0356,  0.0117,  -32.9127,  9.4746,  -3.5312,  -0.0949,  -0.1313,  0.9768],  
 [0.2398,  -1.1035,  8.6604,  -0.1764,  0.0254,  0.1543,  4.7045,  125.6013,  23.7240,  3.1907,  1.6574,  -1.3047,  -0.3833,  -0.1114,  -7.0656,  1.3787,  -0.2435,  0.0099,  8.4917,  -3.2142,  -10.9769,  -0.0366,  -0.2348,  -0.3497,  3.3293,  -6.2327,  5.6494,  0.2577,  0.0750,  0.3611],  
 [-0.4472,  -1.8386,  -4.7158,  -0.2896,  -0.1187,  -0.1978,  -100.9051,  23.7240,  352.6718,  19.7507,  7.3188,  -4.6546,  -3.7527,  2.4028,  -14.6624,  1.8220,  -0.2295,  -0.1042,  -9.6748,  -10.9769,  17.8802,  0.9673,  0.0354,  -0.1767,  0.8894,  -3.1850,  -7.0920,  -0.2553,  -0.2385,  -0.0262],  
 [-0.1866,  0.0261,  -0.1913,  -0.0059,  -0.0076,  -0.0205,  -4.7121,  3.1907,  19.7507,  1.3623,  0.3818,  -0.2779,  -0.2727,  0.0523,  -0.5274,  0.0519,  -0.0194,  0.0056,  -0.4057,  -0.0366,  0.9673,  0.0899,  0.0081,  -0.0047,  -0.4030,  -0.2114,  -0.3106,  -0.0180,  -0.0050,  -0.0006],  
 [0.0682,  -0.2754,  -0.0076,  -0.0147,  -0.0077,  0.0136,  -3.8401,  1.6574,  7.3188,  0.3818,  0.4157,  0.0332,  -0.2757,  -0.0077,  -0.3500,  0.0820,  -0.0275,  0.0081,  0.0356,  -0.2348,  0.0354,  0.0081,  0.0061,  -0.0168,  -0.4646,  -0.4091,  0.0716,  -0.0035,  -0.0174,  0.0330],  
 [0.6743,  0.3673,  0.0048,  0.0194,  -0.0135,  -0.0053,  -5.5666,  -1.3047,  -4.6546,  -0.2779,  0.0332,  0.6810,  -0.1020,  -0.0660,  0.0103,  -0.0141,  0.0358,  0.0037,  0.0117,  -0.3497,  -0.1767,  -0.0047,  -0.0168,  0.0097,  0.4891,  -0.5469,  -0.1234,  -0.0098,  0.0098,  -0.0079],  
 [7.0599,  -1.4678,  -0.6610,  0.0952,  -0.0163,  0.3983,  -4.5929,  -0.3833,  -3.7527,  -0.2727,  -0.2757,  -0.1020,  7.4231,  0.0000,  0.0000,  0.0607,  -0.0000,  -0.0000,  4.5929,  0.3833,  3.7527,  0.2727,  0.2757,  0.1020,  7.0599,  1.4678,  0.6610,  0.0952,  0.0163,  -0.3983],  
 [-4.8224,  3.6722,  3.2211,  -0.0074,  -0.0197,  -0.2642,  -5.8867,  -0.1114,  2.4028,  0.0523,  -0.0077,  -0.0660,  0.0000,  15.5054,  -5.0823,  0.0000,  0.0790,  -0.2360,  -5.8867,  -0.1114,  2.4028,  0.0523,  -0.0077,  -0.0660,  4.8224,  3.6722,  3.2211,  0.0074,  -0.0197,  -0.2642],  
 [5.2024,  -5.6141,  -2.4510,  -0.6079,  0.0149,  0.0846,  8.0681,  -7.0656,  -14.6624,  -0.5274,  -0.3500,  0.0103,  0.0000,  -5.0823,  13.9187,  -0.0000,  0.1432,  0.2043,  8.0681,  -7.0656,  -14.6624,  -0.5274,  -0.3500,  0.0103,  -5.2024,  -5.6141,  -2.4510,  0.6079,  0.0149,  0.0846],  
 [0.8061,  -0.1916,  -0.9896,  0.0118,  -0.0113,  -0.0053,  -1.0055,  1.3787,  1.8220,  0.0519,  0.0820,  -0.0141,  0.0607,  0.0000,  -0.0000,  0.2459,  0.0000,  0.0000,  1.0055,  -1.3787,  -1.8220,  -0.0519,  -0.0820,  0.0141,  0.8061,  0.1916,  0.9896,  0.0118,  0.0113,  0.0053],  
 [-0.2599,  -0.2045,  0.2643,  -0.0140,  0.0050,  -0.0237,  -1.5648,  -0.2435,  -0.2295,  -0.0194,  -0.0275,  0.0358,  -0.0000,  0.0790,  0.1432,  0.0000,  0.1000,  -0.0131,  -1.5648,  -0.2435,  -0.2295,  -0.0194,  -0.0275,  0.0358,  0.2599,  -0.2045,  0.2643,  0.0140,  0.0050,  -0.0237],  
 [0.5700,  -0.1543,  -0.1030,  -0.0027,  -0.0052,  0.0218,  0.4935,  0.0099,  -0.1042,  0.0056,  0.0081,  0.0037,  -0.0000,  -0.2360,  0.2043,  0.0000,  -0.0131,  0.0334,  0.4935,  0.0099,  -0.1042,  0.0056,  0.0081,  0.0037,  -0.5700,  -0.1543,  -0.1030,  0.0027,  -0.0052,  0.0218],  
 [32.9127,  9.4746,  -3.5312,  0.0949,  -0.1313,  0.9768,  19.7835,  8.4917,  -9.6748,  -0.4057,  0.0356,  0.0117,  4.5929,  -5.8867,  8.0681,  1.0055,  -1.5648,  0.4935,  160.4621,  4.7045,  -100.9051,  -4.7121,  -3.8401,  -5.5666,  14.3760,  1.3102,  -2.6802,  0.3330,  0.2312,  0.1556],  
 [-3.3293,  -6.2327,  5.6494,  -0.2577,  0.0750,  0.3611,  8.4917,  -3.2142,  -10.9769,  -0.0366,  -0.2348,  -0.3497,  0.3833,  -0.1114,  -7.0656,  -1.3787,  -0.2435,  0.0099,  4.7045,  125.6013,  23.7240,  3.1907,  1.6574,  -1.3047,  -0.2398,  -1.1035,  8.6604,  0.1764,  0.0254,  0.1543],  
 [-0.8894,  -3.1850,  -7.0920,  0.2553,  -0.2385,  -0.0262,  -9.6748,  -10.9769,  17.8802,  0.9673,  0.0354,  -0.1767,  3.7527,  2.4028,  -14.6624,  -1.8220,  -0.2295,  -0.1042,  -100.9051,  23.7240,  352.6718,  19.7507,  7.3188,  -4.6546,  0.4472,  -1.8386,  -4.7158,  0.2896,  -0.1187,  -0.1978],  
 [0.4030,  -0.2114,  -0.3106,  0.0180,  -0.0050,  -0.0006,  -0.4057,  -0.0366,  0.9673,  0.0899,  0.0081,  -0.0047,  0.2727,  0.0523,  -0.5274,  -0.0519,  -0.0194,  0.0056,  -4.7121,  3.1907,  19.7507,  1.3623,  0.3818,  -0.2779,  0.1866,  0.0261,  -0.1913,  0.0059,  -0.0076,  -0.0205],  
 [0.4646,  -0.4091,  0.0716,  0.0035,  -0.0174,  0.0330,  0.0356,  -0.2348,  0.0354,  0.0081,  0.0061,  -0.0168,  0.2757,  -0.0077,  -0.3500,  -0.0820,  -0.0275,  0.0081,  -3.8401,  1.6574,  7.3188,  0.3818,  0.4157,  0.0332,  -0.0682,  -0.2754,  -0.0076,  0.0147,  -0.0077,  0.0136],  
 [-0.4891,  -0.5469,  -0.1234,  0.0098,  0.0098,  -0.0079,  0.0117,  -0.3497,  -0.1767,  -0.0047,  -0.0168,  0.0097,  0.1020,  -0.0660,  0.0103,  0.0141,  0.0358,  0.0037,  -5.5666,  -1.3047,  -4.6546,  -0.2779,  0.0332,  0.6810,  -0.6743,  0.3673,  0.0048,  -0.0194,  -0.0135,  -0.0053],  
 [26.5080,  10.2007,  1.0938,  0.0357,  -0.0140,  0.2064,  -32.9127,  3.3293,  0.8894,  -0.4030,  -0.4646,  0.4891,  7.0599,  4.8224,  -5.2024,  0.8061,  0.2599,  -0.5700,  14.3760,  -0.2398,  0.4472,  0.1866,  -0.0682,  -0.6743,  54.0077,  8.5854,  4.3133,  0.0488,  0.0862,  -0.9034],  
 [-10.2007,  24.2538,  -2.3746,  -0.0697,  -0.2319,  0.1261,  9.4746,  -6.2327,  -3.1850,  -0.2114,  -0.4091,  -0.5469,  1.4678,  3.6722,  -5.6141,  0.1916,  -0.2045,  -0.1543,  1.3102,  -1.1035,  -1.8386,  0.0261,  -0.2754,  0.3673,  8.5854,  47.3210,  -2.4473,  0.1695,  -0.2484,  -0.0485],  
 [-1.0938,  -2.3746,  31.3928,  -0.1074,  -0.3783,  1.4073,  -3.5312,  5.6494,  -7.0920,  -0.3106,  0.0716,  -0.1234,  0.6610,  3.2211,  -2.4510,  0.9896,  0.2643,  -0.1030,  -2.6802,  8.6604,  -4.7158,  -0.1913,  -0.0076,  0.0048,  4.3133,  -2.4473,  50.0743,  0.2307,  -0.1562,  1.4894],  
 [0.0357,  0.0697,  0.1074,  0.0031,  0.0051,  0.0177,  -0.0949,  0.2577,  -0.2553,  -0.0180,  -0.0035,  -0.0098,  0.0952,  0.0074,  0.6079,  0.0118,  0.0140,  0.0027,  0.3330,  0.1764,  0.2896,  0.0059,  0.0147,  -0.0194,  0.0488,  0.1695,  0.2307,  0.1932,  -0.0040,  0.0128],  
 [0.0140,  -0.2319,  -0.3783,  -0.0051,  0.0289,  -0.0345,  -0.1313,  0.0750,  -0.2385,  -0.0050,  -0.0174,  0.0098,  0.0163,  -0.0197,  0.0149,  0.0113,  0.0050,  -0.0052,  0.2312,  0.0254,  -0.1187,  -0.0076,  -0.0077,  -0.0135,  0.0862,  -0.2484,  -0.1562,  -0.0040,  0.0591,  -0.0343],  
 [-0.2064,  0.1261,  1.4073,  -0.0177,  -0.0345,  0.1864,  0.9768,  0.3611,  -0.0262,  -0.0006,  0.0330,  -0.0079,  -0.3983,  -0.2642,  0.0846,  0.0053,  -0.0237,  0.0218,  0.1556,  0.1543,  -0.1978,  -0.0205,  0.0136,  -0.0053,  -0.9034,  -0.0485,  1.4894,  0.0128,  -0.0343,  0.2471]]
