CG
[-0.4654,  -8.2556,  0.3633,  0.1350,  -0.0951,  0.0181,  9.2583,  -37.0541,  -36.4988,  -3.3281,  8.4096,  -1.4523,  -0.0000,  6.4314,  33.8740,  0.0000,  0.2675,  3.3427,  9.2583,  -37.0541,  -36.4988,  -3.3281,  8.4096,  -1.4523,  0.4654,  -8.2556,  0.3633,  -0.1350,  -0.0951,  0.0181]
[[0.0894,  0.0135,  -0.0052,  -0.1566,  -0.2484,  0.1773,  -0.0086,  0.0017,  -0.0057,  0.0335,  -0.0462,  -0.1575,  0.0090,  -0.0170,  -0.0408,  -0.0101,  -0.1691,  -1.9535,  -0.0335,  -0.0016,  -0.0159,  0.0668,  -0.2165,  -0.3982,  -0.0640,  0.0088,  -0.0054,  0.2585,  0.0166,  -0.0581],  
 [0.0135,  0.0319,  0.0099,  0.0723,  0.0157,  0.1022,  -0.0004,  0.0004,  0.0002,  -0.0144,  -0.0270,  -0.0524,  -0.0081,  0.0083,  0.0112,  0.1738,  -0.0704,  -0.1177,  -0.0117,  0.0059,  0.0014,  -0.0811,  -0.0771,  -0.0733,  -0.0088,  -0.0049,  -0.0175,  -0.0377,  0.1444,  0.0124],  
 [-0.0052,  0.0099,  0.0920,  -0.0361,  -0.4620,  0.0339,  0.0002,  -0.0132,  -0.0159,  0.2628,  -0.0081,  -0.0662,  -0.0217,  -0.0086,  0.0039,  0.7969,  -0.0158,  -0.0977,  0.0043,  0.0119,  0.0205,  -0.2922,  0.0170,  0.1169,  0.0054,  -0.0175,  -0.0591,  -0.0100,  0.1535,  -0.3133],  
 [-0.1566,  0.0723,  -0.0361,  8.6640,  1.8733,  1.2112,  0.1806,  0.1032,  0.2405,  -2.8919,  0.7370,  2.0226,  -0.0259,  0.1906,  0.8945,  0.0112,  -0.0871,  4.5346,  -0.1000,  0.0821,  0.1029,  -2.2935,  -0.9663,  -0.6421,  0.2585,  0.0377,  0.0100,  -2.6820,  2.3144,  -1.4608],  
 [-0.2484,  0.0157,  -0.4620,  1.8733,  29.8571,  0.0749,  -0.2438,  -0.0211,  -0.1483,  1.1793,  -1.4187,  -1.9395,  -0.0154,  0.1391,  0.1883,  0.7643,  1.2135,  5.6482,  0.3495,  0.0526,  0.2301,  -2.0446,  2.5321,  3.1776,  -0.0166,  0.1444,  0.1535,  -2.3144,  -9.6172,  2.7773],  
 [0.1773,  0.1022,  0.0339,  1.2112,  0.0749,  21.6629,  -0.1433,  0.0132,  -0.1270,  0.9591,  -1.3569,  -2.3174,  -1.9292,  0.1189,  -0.0705,  6.0307,  -0.4393,  2.7714,  0.0537,  -0.0160,  0.0677,  -0.6675,  1.2023,  1.4106,  0.0581,  0.0124,  -0.3133,  1.4608,  2.7773,  -16.5077],  
 [-0.0086,  -0.0004,  0.0002,  0.1806,  -0.2438,  -0.1433,  0.0686,  0.0071,  0.0342,  -0.1289,  0.3039,  0.7256,  0.0426,  -0.0027,  -0.0015,  -0.0943,  0.7906,  0.2019,  -0.0010,  0.0003,  -0.0023,  0.0256,  -0.0076,  -0.0212,  0.0335,  -0.0117,  0.0043,  0.1000,  0.3495,  0.0537],  
 [0.0017,  0.0004,  -0.0132,  0.1032,  -0.0211,  0.0132,  0.0071,  0.0168,  0.0164,  -0.1979,  -0.0421,  0.1406,  -0.0016,  0.0051,  0.0214,  -0.2223,  0.0902,  -0.0344,  0.0003,  0.0001,  0.0002,  -0.0015,  -0.0130,  0.0057,  0.0016,  0.0059,  0.0119,  -0.0821,  0.0526,  -0.0160],  
 [-0.0057,  0.0002,  -0.0159,  0.2405,  -0.1483,  -0.1270,  0.0342,  0.0164,  0.0447,  -0.4598,  0.0151,  0.4535,  0.0230,  0.0056,  0.0375,  -0.3470,  0.2938,  0.1402,  -0.0023,  0.0002,  -0.0020,  0.0181,  -0.0197,  -0.0348,  0.0159,  0.0014,  0.0205,  -0.1029,  0.2301,  0.0677],  
 [0.0335,  -0.0144,  0.2628,  -2.8919,  1.1793,  0.9591,  -0.1289,  -0.1979,  -0.4598,  7.0415,  0.2556,  -2.1791,  -0.0893,  -0.0831,  -0.6162,  5.2690,  -0.6454,  -1.2029,  0.0256,  -0.0015,  0.0181,  -0.1992,  0.3172,  0.3883,  -0.0668,  -0.0811,  -0.2922,  2.2935,  -2.0446,  -0.6675],  
 [-0.0462,  -0.0270,  -0.0081,  0.7370,  -1.4187,  -1.3569,  0.3039,  -0.0421,  0.0151,  0.2556,  6.1309,  2.5451,  0.3923,  -0.0534,  -0.0968,  -1.3314,  4.7803,  2.0133,  -0.0076,  -0.0130,  -0.0197,  0.3172,  -0.4269,  -0.2069,  0.2165,  -0.0771,  0.0170,  0.9663,  2.5321,  1.2023],  
 [-0.1575,  -0.0524,  -0.0662,  2.0226,  -1.9395,  -2.3174,  0.7256,  0.1406,  0.4535,  -2.1791,  2.5451,  9.4414,  0.6206,  0.0507,  0.1085,  -1.7777,  6.9121,  3.2610,  -0.0212,  0.0057,  -0.0348,  0.3883,  -0.2069,  -0.3924,  0.3982,  -0.0733,  0.1169,  0.6421,  3.1776,  1.4106],  
 [0.0090,  -0.0081,  -0.0217,  -0.0259,  -0.0154,  -1.9292,  0.0426,  -0.0016,  0.0230,  -0.0893,  0.3923,  0.6206,  0.3182,  0.0000,  0.0000,  -0.8288,  0.0000,  0.0000,  -0.0426,  0.0016,  -0.0230,  0.0893,  -0.3923,  -0.6206,  0.0090,  0.0081,  0.0217,  -0.0259,  0.0154,  1.9292],  
 [-0.0170,  0.0083,  -0.0086,  0.1906,  0.1391,  0.1189,  -0.0027,  0.0051,  0.0056,  -0.0831,  -0.0534,  0.0507,  0.0000,  0.0714,  0.0560,  -0.0000,  -0.1535,  0.5228,  -0.0027,  0.0051,  0.0056,  -0.0831,  -0.0534,  0.0507,  0.0170,  0.0083,  -0.0086,  -0.1906,  0.1391,  0.1189],  
 [-0.0408,  0.0112,  0.0039,  0.8945,  0.1883,  -0.0705,  -0.0015,  0.0214,  0.0375,  -0.6162,  -0.0968,  0.1085,  0.0000,  0.0560,  0.2428,  -0.0000,  -0.4113,  0.6924,  -0.0015,  0.0214,  0.0375,  -0.6162,  -0.0968,  0.1085,  0.0408,  0.0112,  0.0039,  -0.8945,  0.1883,  -0.0705],  
 [-0.0101,  0.1738,  0.7969,  0.0112,  0.7643,  6.0307,  -0.0943,  -0.2223,  -0.3470,  5.2690,  -1.3314,  -1.7777,  -0.8288,  -0.0000,  -0.0000,  16.4270,  -0.0000,  -0.0000,  0.0943,  0.2223,  0.3470,  -5.2690,  1.3314,  1.7777,  -0.0101,  -0.1738,  -0.7969,  0.0112,  -0.7643,  -6.0307],  
 [-0.1691,  -0.0704,  -0.0158,  -0.0871,  1.2135,  -0.4393,  0.7906,  0.0902,  0.2938,  -0.6454,  4.7803,  6.9121,  0.0000,  -0.1535,  -0.4113,  -0.0000,  24.6640,  -1.9255,  0.7906,  0.0902,  0.2938,  -0.6454,  4.7803,  6.9121,  0.1691,  -0.0704,  -0.0158,  0.0871,  1.2135,  -0.4393],  
 [-1.9535,  -0.1177,  -0.0977,  4.5346,  5.6482,  2.7714,  0.2019,  -0.0344,  0.1402,  -1.2029,  2.0133,  3.2610,  0.0000,  0.5228,  0.6924,  -0.0000,  -1.9255,  77.5282,  0.2019,  -0.0344,  0.1402,  -1.2029,  2.0133,  3.2610,  1.9535,  -0.1177,  -0.0977,  -4.5346,  5.6482,  2.7714],  
 [-0.0335,  -0.0117,  0.0043,  -0.1000,  0.3495,  0.0537,  -0.0010,  0.0003,  -0.0023,  0.0256,  -0.0076,  -0.0212,  -0.0426,  -0.0027,  -0.0015,  0.0943,  0.7906,  0.2019,  0.0686,  0.0071,  0.0342,  -0.1289,  0.3039,  0.7256,  0.0086,  -0.0004,  0.0002,  -0.1806,  -0.2438,  -0.1433],  
 [-0.0016,  0.0059,  0.0119,  0.0821,  0.0526,  -0.0160,  0.0003,  0.0001,  0.0002,  -0.0015,  -0.0130,  0.0057,  0.0016,  0.0051,  0.0214,  0.2223,  0.0902,  -0.0344,  0.0071,  0.0168,  0.0164,  -0.1979,  -0.0421,  0.1406,  -0.0017,  0.0004,  -0.0132,  -0.1032,  -0.0211,  0.0132],  
 [-0.0159,  0.0014,  0.0205,  0.1029,  0.2301,  0.0677,  -0.0023,  0.0002,  -0.0020,  0.0181,  -0.0197,  -0.0348,  -0.0230,  0.0056,  0.0375,  0.3470,  0.2938,  0.1402,  0.0342,  0.0164,  0.0447,  -0.4598,  0.0151,  0.4535,  0.0057,  0.0002,  -0.0159,  -0.2405,  -0.1483,  -0.1270],  
 [0.0668,  -0.0811,  -0.2922,  -2.2935,  -2.0446,  -0.6675,  0.0256,  -0.0015,  0.0181,  -0.1992,  0.3172,  0.3883,  0.0893,  -0.0831,  -0.6162,  -5.2690,  -0.6454,  -1.2029,  -0.1289,  -0.1979,  -0.4598,  7.0415,  0.2556,  -2.1791,  -0.0335,  -0.0144,  0.2628,  2.8919,  1.1793,  0.9591],  
 [-0.2165,  -0.0771,  0.0170,  -0.9663,  2.5321,  1.2023,  -0.0076,  -0.0130,  -0.0197,  0.3172,  -0.4269,  -0.2069,  -0.3923,  -0.0534,  -0.0968,  1.3314,  4.7803,  2.0133,  0.3039,  -0.0421,  0.0151,  0.2556,  6.1309,  2.5451,  0.0462,  -0.0270,  -0.0081,  -0.7370,  -1.4187,  -1.3569],  
 [-0.3982,  -0.0733,  0.1169,  -0.6421,  3.1776,  1.4106,  -0.0212,  0.0057,  -0.0348,  0.3883,  -0.2069,  -0.3924,  -0.6206,  0.0507,  0.1085,  1.7777,  6.9121,  3.2610,  0.7256,  0.1406,  0.4535,  -2.1791,  2.5451,  9.4414,  0.1575,  -0.0524,  -0.0662,  -2.0226,  -1.9395,  -2.3174],  
 [-0.0640,  -0.0088,  0.0054,  0.2585,  -0.0166,  0.0581,  0.0335,  0.0016,  0.0159,  -0.0668,  0.2165,  0.3982,  0.0090,  0.0170,  0.0408,  -0.0101,  0.1691,  1.9535,  0.0086,  -0.0017,  0.0057,  -0.0335,  0.0462,  0.1575,  0.0894,  -0.0135,  0.0052,  -0.1566,  0.2484,  -0.1773],  
 [0.0088,  -0.0049,  -0.0175,  0.0377,  0.1444,  0.0124,  -0.0117,  0.0059,  0.0014,  -0.0811,  -0.0771,  -0.0733,  0.0081,  0.0083,  0.0112,  -0.1738,  -0.0704,  -0.1177,  -0.0004,  0.0004,  0.0002,  -0.0144,  -0.0270,  -0.0524,  -0.0135,  0.0319,  0.0099,  -0.0723,  0.0157,  0.1022],  
 [-0.0054,  -0.0175,  -0.0591,  0.0100,  0.1535,  -0.3133,  0.0043,  0.0119,  0.0205,  -0.2922,  0.0170,  0.1169,  0.0217,  -0.0086,  0.0039,  -0.7969,  -0.0158,  -0.0977,  0.0002,  -0.0132,  -0.0159,  0.2628,  -0.0081,  -0.0662,  0.0052,  0.0099,  0.0920,  0.0361,  -0.4620,  0.0339],  
 [0.2585,  -0.0377,  -0.0100,  -2.6820,  -2.3144,  1.4608,  0.1000,  -0.0821,  -0.1029,  2.2935,  0.9663,  0.6421,  -0.0259,  -0.1906,  -0.8945,  0.0112,  0.0871,  -4.5346,  -0.1806,  -0.1032,  -0.2405,  2.8919,  -0.7370,  -2.0226,  -0.1566,  -0.0723,  0.0361,  8.6640,  -1.8733,  -1.2112],  
 [0.0166,  0.1444,  0.1535,  2.3144,  -9.6172,  2.7773,  0.3495,  0.0526,  0.2301,  -2.0446,  2.5321,  3.1776,  0.0154,  0.1391,  0.1883,  -0.7643,  1.2135,  5.6482,  -0.2438,  -0.0211,  -0.1483,  1.1793,  -1.4187,  -1.9395,  0.2484,  0.0157,  -0.4620,  -1.8733,  29.8571,  0.0749],  
 [-0.0581,  0.0124,  -0.3133,  -1.4608,  2.7773,  -16.5077,  0.0537,  -0.0160,  0.0677,  -0.6675,  1.2023,  1.4106,  1.9292,  0.1189,  -0.0705,  -6.0307,  -0.4393,  2.7714,  -0.1433,  0.0132,  -0.1270,  0.9591,  -1.3569,  -2.3174,  -0.1773,  0.1022,  0.0339,  -1.2112,  0.0749,  21.6629]]
[[80.8792,  -8.0874,  4.9545,  0.6137,  0.0035,  -1.7506,  9.1270,  -19.1076,  -22.3584,  -0.1330,  -0.2862,  1.9810,  -12.3623,  6.5150,  6.7981,  -0.7635,  -1.3367,  1.4287,  54.5999,  14.0143,  -17.6447,  -0.3587,  0.8859,  -0.8228,  12.4853,  -7.6544,  1.8583,  -0.0570,  -0.0175,  -0.0541],  
 [-8.0874,  54.3131,  -5.9729,  0.0390,  -0.3331,  -0.1767,  -6.4485,  -7.0731,  -6.1191,  0.0938,  0.0973,  1.1593,  1.6069,  -5.7972,  -1.5785,  -0.3934,  -0.5725,  -0.2592,  21.1568,  -6.7996,  8.7062,  0.1035,  0.5086,  -1.1011,  7.6544,  12.6599,  -0.1612,  0.3483,  -0.1034,  -0.3533],  
 [4.9545,  -5.9729,  43.2293,  0.1920,  0.4893,  1.4132,  -3.4053,  0.7401,  -13.0214,  -0.4963,  -0.3093,  0.7606,  -3.1178,  3.1131,  -0.2638,  -0.9414,  0.4396,  0.0982,  -1.3192,  4.7447,  -15.1616,  -0.4099,  -0.3734,  0.1538,  -1.8583,  -0.1612,  23.8151,  -0.2464,  0.0841,  1.5100],  
 [0.6137,  0.0390,  0.1920,  0.2557,  -0.0267,  -0.0061,  -1.0108,  -0.2977,  -1.2318,  -0.0270,  -0.0394,  0.0951,  0.0947,  0.1150,  -0.7330,  -0.0084,  -0.0046,  0.0071,  0.5186,  -0.3993,  0.0505,  0.0094,  0.0306,  0.0257,  -0.0570,  -0.3483,  0.2464,  -0.0057,  -0.0025,  0.0157],  
 [0.0035,  -0.3331,  0.4893,  -0.0267,  0.0559,  -0.0005,  0.1067,  0.1258,  0.1828,  -0.0088,  0.0042,  -0.0159,  -0.0842,  0.0274,  0.0374,  -0.0095,  0.0103,  -0.0023,  -0.3937,  0.1091,  -0.3484,  -0.0068,  -0.0226,  0.0131,  0.0175,  -0.1034,  0.0841,  0.0025,  0.0131,  -0.0008],  
 [-1.7506,  -0.1767,  1.4132,  -0.0061,  -0.0005,  0.2934,  -0.1345,  0.6280,  0.4306,  0.0070,  -0.0197,  -0.0703,  0.8742,  -0.4979,  0.0348,  0.0190,  0.0359,  -0.0511,  -0.9872,  -0.2020,  -0.0974,  0.0098,  -0.0267,  0.0487,  0.0541,  -0.3533,  1.5100,  -0.0157,  -0.0008,  0.1770],  
 [9.1270,  -6.4485,  -3.4053,  -1.0108,  0.1067,  -0.1345,  370.0280,  89.3006,  -119.7105,  -5.7643,  -0.1385,  -15.0744,  10.0392,  23.5107,  -5.1498,  0.7778,  -10.8161,  0.9259,  185.1433,  45.8394,  -15.2797,  0.5061,  2.5681,  -5.8866,  -54.5999,  21.1568,  -1.3192,  -0.5186,  -0.3937,  -0.9872],  
 [-19.1076,  -7.0731,  0.7401,  -0.2977,  0.1258,  0.6280,  89.3006,  176.6905,  8.0598,  0.8758,  2.2818,  -8.2983,  20.3610,  6.5255,  -9.0153,  3.2645,  -3.0943,  -0.1052,  45.8394,  -2.5371,  -1.9608,  1.2406,  0.5425,  -1.1032,  -14.0143,  -6.7996,  4.7447,  0.3993,  0.1091,  -0.2020],  
 [-22.3584,  -6.1191,  -13.0214,  -1.2318,  0.1828,  0.4306,  -119.7105,  8.0598,  496.8864,  23.8851,  8.3744,  -11.9452,  6.5484,  -0.9620,  -5.6685,  2.2415,  0.3202,  -0.7832,  -15.2797,  -1.9608,  -2.4141,  0.8667,  -0.6825,  0.5827,  17.6447,  8.7062,  -15.1616,  -0.0505,  -0.3484,  -0.0974],  
 [-0.1330,  0.0938,  -0.4963,  -0.0270,  -0.0088,  0.0070,  -5.7643,  0.8758,  23.8851,  1.5342,  0.3761,  -0.4643,  -0.2784,  -0.3159,  0.5923,  -0.0340,  -0.0039,  -0.0062,  0.5061,  1.2406,  0.8667,  0.0977,  0.0153,  -0.1001,  0.3587,  0.1035,  -0.4099,  -0.0094,  -0.0068,  0.0098],  
 [-0.2862,  0.0973,  -0.3093,  -0.0394,  0.0042,  -0.0197,  -0.1385,  2.2818,  8.3744,  0.3761,  0.4700,  -0.2599,  -0.0412,  0.3677,  -0.3512,  0.0931,  -0.1726,  0.0029,  2.5681,  0.5425,  -0.6825,  0.0153,  0.0320,  -0.0688,  -0.8859,  0.5086,  -0.3734,  -0.0306,  -0.0226,  -0.0267],  
 [1.9810,  1.1593,  0.7606,  0.0951,  -0.0159,  -0.0703,  -15.0744,  -8.2983,  -11.9452,  -0.4643,  -0.2599,  1.6543,  -2.0859,  -1.2471,  0.6899,  -0.2624,  0.4004,  0.0315,  -5.8866,  -1.1032,  0.5827,  -0.1001,  -0.0688,  0.1484,  0.8228,  -1.1011,  0.1538,  -0.0257,  0.0131,  0.0487],  
 [-12.3623,  1.6069,  -3.1178,  0.0947,  -0.0842,  0.8742,  10.0392,  20.3610,  6.5484,  -0.2784,  -0.0412,  -2.0859,  22.4483,  -0.0000,  -0.0000,  1.4152,  0.0000,  -0.0000,  -10.0392,  -20.3610,  -6.5484,  0.2784,  0.0412,  2.0859,  -12.3623,  -1.6069,  3.1178,  0.0947,  0.0842,  -0.8742],  
 [6.5150,  -5.7972,  3.1131,  0.1150,  0.0274,  -0.4979,  23.5107,  6.5255,  -0.9620,  -0.3159,  0.3677,  -1.2471,  -0.0000,  25.1544,  -7.1248,  0.0000,  -0.9005,  0.1712,  23.5107,  6.5255,  -0.9620,  -0.3159,  0.3677,  -1.2471,  -6.5150,  -5.7972,  3.1131,  -0.1150,  0.0274,  -0.4979],  
 [6.7981,  -1.5785,  -0.2638,  -0.7330,  0.0374,  0.0348,  -5.1498,  -9.0153,  -5.6685,  0.5923,  -0.3512,  0.6899,  -0.0000,  -7.1248,  19.1894,  -0.0000,  0.6890,  0.3267,  -5.1498,  -9.0153,  -5.6685,  0.5923,  -0.3512,  0.6899,  -6.7981,  -1.5785,  -0.2638,  0.7330,  0.0374,  0.0348],  
 [-0.7635,  -0.3934,  -0.9414,  -0.0084,  -0.0095,  0.0190,  0.7778,  3.2645,  2.2415,  -0.0340,  0.0931,  -0.2624,  1.4152,  0.0000,  -0.0000,  0.3901,  -0.0000,  0.0000,  -0.7778,  -3.2645,  -2.2415,  0.0340,  -0.0931,  0.2624,  -0.7635,  0.3934,  0.9414,  -0.0084,  0.0095,  -0.0190],  
 [-1.3367,  -0.5725,  0.4396,  -0.0046,  0.0103,  0.0359,  -10.8161,  -3.0943,  0.3202,  -0.0039,  -0.1726,  0.4004,  0.0000,  -0.9005,  0.6890,  -0.0000,  0.5740,  -0.0297,  -10.8161,  -3.0943,  0.3202,  -0.0039,  -0.1726,  0.4004,  1.3367,  -0.5725,  0.4396,  0.0046,  0.0103,  0.0359],  
 [1.4287,  -0.2592,  0.0982,  0.0071,  -0.0023,  -0.0511,  0.9259,  -0.1052,  -0.7832,  -0.0062,  0.0029,  0.0315,  -0.0000,  0.1712,  0.3267,  0.0000,  -0.0297,  0.0776,  0.9259,  -0.1052,  -0.7832,  -0.0062,  0.0029,  0.0315,  -1.4287,  -0.2592,  0.0982,  -0.0071,  -0.0023,  -0.0511],  
 [54.5999,  21.1568,  -1.3192,  0.5186,  -0.3937,  -0.9872,  185.1433,  45.8394,  -15.2797,  0.5061,  2.5681,  -5.8866,  -10.0392,  23.5107,  -5.1498,  -0.7778,  -10.8161,  0.9259,  370.0280,  89.3006,  -119.7105,  -5.7643,  -0.1385,  -15.0744,  -9.1270,  -6.4485,  -3.4053,  1.0108,  0.1067,  -0.1345],  
 [14.0143,  -6.7996,  4.7447,  -0.3993,  0.1091,  -0.2020,  45.8394,  -2.5371,  -1.9608,  1.2406,  0.5425,  -1.1032,  -20.3610,  6.5255,  -9.0153,  -3.2645,  -3.0943,  -0.1052,  89.3006,  176.6905,  8.0598,  0.8758,  2.2818,  -8.2983,  19.1076,  -7.0731,  0.7401,  0.2977,  0.1258,  0.6280],  
 [-17.6447,  8.7062,  -15.1616,  0.0505,  -0.3484,  -0.0974,  -15.2797,  -1.9608,  -2.4141,  0.8667,  -0.6825,  0.5827,  -6.5484,  -0.9620,  -5.6685,  -2.2415,  0.3202,  -0.7832,  -119.7105,  8.0598,  496.8864,  23.8851,  8.3744,  -11.9452,  22.3584,  -6.1191,  -13.0214,  1.2318,  0.1828,  0.4306],  
 [-0.3587,  0.1035,  -0.4099,  0.0094,  -0.0068,  0.0098,  0.5061,  1.2406,  0.8667,  0.0977,  0.0153,  -0.1001,  0.2784,  -0.3159,  0.5923,  0.0340,  -0.0039,  -0.0062,  -5.7643,  0.8758,  23.8851,  1.5342,  0.3761,  -0.4643,  0.1330,  0.0938,  -0.4963,  0.0270,  -0.0088,  0.0070],  
 [0.8859,  0.5086,  -0.3734,  0.0306,  -0.0226,  -0.0267,  2.5681,  0.5425,  -0.6825,  0.0153,  0.0320,  -0.0688,  0.0412,  0.3677,  -0.3512,  -0.0931,  -0.1726,  0.0029,  -0.1385,  2.2818,  8.3744,  0.3761,  0.4700,  -0.2599,  0.2862,  0.0973,  -0.3093,  0.0394,  0.0042,  -0.0197],  
 [-0.8228,  -1.1011,  0.1538,  0.0257,  0.0131,  0.0487,  -5.8866,  -1.1032,  0.5827,  -0.1001,  -0.0688,  0.1484,  2.0859,  -1.2471,  0.6899,  0.2624,  0.4004,  0.0315,  -15.0744,  -8.2983,  -11.9452,  -0.4643,  -0.2599,  1.6543,  -1.9810,  1.1593,  0.7606,  -0.0951,  -0.0159,  -0.0703],  
 [12.4853,  7.6544,  -1.8583,  -0.0570,  0.0175,  0.0541,  -54.5999,  -14.0143,  17.6447,  0.3587,  -0.8859,  0.8228,  -12.3623,  -6.5150,  -6.7981,  -0.7635,  1.3367,  -1.4287,  -9.1270,  19.1076,  22.3584,  0.1330,  0.2862,  -1.9810,  80.8792,  8.0874,  -4.9545,  0.6137,  -0.0035,  1.7506],  
 [-7.6544,  12.6599,  -0.1612,  -0.3483,  -0.1034,  -0.3533,  21.1568,  -6.7996,  8.7062,  0.1035,  0.5086,  -1.1011,  -1.6069,  -5.7972,  -1.5785,  0.3934,  -0.5725,  -0.2592,  -6.4485,  -7.0731,  -6.1191,  0.0938,  0.0973,  1.1593,  8.0874,  54.3131,  -5.9729,  -0.0390,  -0.3331,  -0.1767],  
 [1.8583,  -0.1612,  23.8151,  0.2464,  0.0841,  1.5100,  -1.3192,  4.7447,  -15.1616,  -0.4099,  -0.3734,  0.1538,  3.1178,  3.1131,  -0.2638,  0.9414,  0.4396,  0.0982,  -3.4053,  0.7401,  -13.0214,  -0.4963,  -0.3093,  0.7606,  -4.9545,  -5.9729,  43.2293,  -0.1920,  0.4893,  1.4132],  
 [-0.0570,  0.3483,  -0.2464,  -0.0057,  0.0025,  -0.0157,  -0.5186,  0.3993,  -0.0505,  -0.0094,  -0.0306,  -0.0257,  0.0947,  -0.1150,  0.7330,  -0.0084,  0.0046,  -0.0071,  1.0108,  0.2977,  1.2318,  0.0270,  0.0394,  -0.0951,  0.6137,  -0.0390,  -0.1920,  0.2557,  0.0267,  0.0061],  
 [-0.0175,  -0.1034,  0.0841,  -0.0025,  0.0131,  -0.0008,  -0.3937,  0.1091,  -0.3484,  -0.0068,  -0.0226,  0.0131,  0.0842,  0.0274,  0.0374,  0.0095,  0.0103,  -0.0023,  0.1067,  0.1258,  0.1828,  -0.0088,  0.0042,  -0.0159,  -0.0035,  -0.3331,  0.4893,  0.0267,  0.0559,  -0.0005],  
 [-0.0541,  -0.3533,  1.5100,  0.0157,  -0.0008,  0.1770,  -0.9872,  -0.2020,  -0.0974,  0.0098,  -0.0267,  0.0487,  -0.8742,  -0.4979,  0.0348,  -0.0190,  0.0359,  -0.0511,  -0.1345,  0.6280,  0.4306,  0.0070,  -0.0197,  -0.0703,  1.7506,  -0.1767,  1.4132,  0.0061,  -0.0005,  0.2934]]

CA
[1.2124,  -7.4782,  0.7710,  0.1751,  -0.1078,  0.0082,  8.9534,  -38.5201,  -36.4316,  -3.2646,  8.3712,  -1.4521,  -0.1189,  5.4724,  34.9324,  -0.1484,  0.2416,  3.3326,  8.4352,  -36.5389,  -30.8268,  -3.2575,  8.6727,  -1.6604,  1.3746,  -10.3935,  1.1961,  0.0726,  -0.0951,  0.0592]
[[0.0936,  0.0110,  -0.0098,  -0.1786,  -0.2472,  0.0595,  -0.0069,  0.0007,  -0.0058,  0.0210,  -0.0146,  -0.1577,  0.0273,  -0.0211,  -0.0488,  -0.1020,  -0.1421,  -1.9680,  -0.0390,  -0.0017,  -0.0166,  0.0456,  -0.2469,  -0.4432,  -0.0686,  0.0114,  -0.0026,  0.2680,  0.0649,  0.0842],  
 [0.0110,  0.0339,  0.0162,  0.1187,  -0.0730,  0.1375,  -0.0009,  0.0004,  0.0010,  -0.0402,  -0.0160,  -0.0693,  -0.0101,  0.0092,  0.0202,  0.2421,  -0.0348,  -0.0250,  -0.0072,  0.0083,  0.0082,  -0.1502,  -0.0787,  -0.0012,  -0.0067,  -0.0053,  -0.0181,  -0.0277,  0.1273,  -0.0449],  
 [-0.0098,  0.0162,  0.1023,  -0.0085,  -0.4221,  0.0765,  0.0020,  -0.0130,  -0.0174,  0.3025,  0.0058,  -0.0505,  -0.0157,  0.0034,  0.0230,  0.9892,  -0.0460,  0.1167,  0.0037,  0.0174,  0.0292,  -0.3804,  -0.0704,  0.1552,  0.0091,  -0.0137,  -0.0714,  -0.0511,  0.2043,  -0.3083],  
 [-0.1786,  0.1187,  -0.0085,  9.2964,  2.0303,  1.0761,  0.1241,  0.0911,  0.2074,  -2.7542,  0.5986,  1.3787,  -0.0666,  0.2127,  0.8651,  0.4155,  0.6509,  5.1602,  -0.0463,  0.1012,  0.1319,  -2.2190,  -0.6109,  0.1186,  0.2299,  0.0252,  -0.0047,  -2.6217,  1.2783,  -0.9302],  
 [-0.2472,  -0.0730,  -0.4221,  2.0303,  29.9925,  -1.3190,  -0.2314,  -0.0036,  -0.1223,  0.6184,  -1.6450,  -1.5895,  -0.0384,  0.0806,  0.1423,  1.3700,  2.0658,  2.7030,  0.3676,  0.0391,  0.2521,  -2.3025,  3.3447,  3.1242,  -0.0560,  0.1082,  0.1887,  -2.5323,  -12.7448,  2.9375],  
 [0.0595,  0.1375,  0.0765,  1.0761,  -1.3190,  21.0525,  -0.0911,  -0.0103,  -0.0901,  0.6810,  -1.0935,  -2.0698,  -1.8383,  0.1437,  -0.0786,  6.1324,  1.8110,  6.5809,  0.1044,  0.0054,  0.0926,  -0.8411,  1.4899,  1.6766,  0.1745,  -0.0586,  -0.2086,  1.6137,  1.4660,  -15.5222],  
 [-0.0069,  -0.0009,  0.0020,  0.1241,  -0.2314,  -0.0911,  0.0595,  0.0071,  0.0279,  -0.0848,  0.2300,  0.6475,  0.0385,  0.0001,  0.0040,  -0.0903,  0.6307,  0.1822,  -0.0034,  -0.0004,  -0.0024,  0.0083,  0.0088,  -0.0393,  0.0302,  -0.0065,  0.0038,  0.0664,  0.3240,  0.0139],  
 [0.0007,  0.0004,  -0.0130,  0.0911,  -0.0036,  -0.0103,  0.0071,  0.0170,  0.0165,  -0.1876,  -0.0522,  0.1618,  -0.0003,  0.0054,  0.0248,  -0.2260,  0.0886,  -0.0401,  0.0013,  0.0002,  0.0010,  -0.0103,  -0.0009,  0.0169,  0.0019,  0.0060,  0.0144,  -0.0876,  0.0198,  -0.0118],  
 [-0.0058,  0.0010,  -0.0174,  0.2074,  -0.1223,  -0.0901,  0.0279,  0.0165,  0.0462,  -0.4888,  -0.0657,  0.4054,  0.0120,  0.0060,  0.0420,  -0.3903,  0.2884,  0.1017,  0.0004,  0.0002,  -0.0017,  0.0155,  0.0278,  -0.0035,  0.0134,  0.0046,  0.0235,  -0.1174,  0.2018,  0.0539],  
 [0.0210,  -0.0402,  0.3025,  -2.7542,  0.6184,  0.6810,  -0.0848,  -0.1876,  -0.4888,  7.6014,  0.4829,  -1.8200,  0.0392,  -0.0717,  -0.6155,  5.8404,  -1.6755,  -0.4051,  -0.0132,  -0.0013,  0.0151,  -0.2419,  -0.1796,  -0.0393,  -0.0345,  -0.1050,  -0.3330,  2.1669,  -1.7739,  -0.7686],  
 [-0.0146,  -0.0160,  0.0058,  0.5986,  -1.6450,  -1.0935,  0.2300,  -0.0522,  -0.0657,  0.4829,  6.5719,  1.6293,  0.3290,  -0.0483,  -0.0963,  -1.1181,  4.3563,  1.0910,  -0.0328,  -0.0148,  -0.0167,  0.1421,  -0.4714,  -0.4455,  0.1573,  -0.0414,  -0.0098,  0.6580,  2.5494,  1.0334],  
 [-0.1577,  -0.0693,  -0.0505,  1.3787,  -1.5895,  -2.0698,  0.6475,  0.1618,  0.4054,  -1.8200,  1.6293,  8.9116,  0.5723,  0.0778,  0.2069,  -1.9822,  5.5227,  2.9217,  -0.0337,  -0.0082,  -0.0300,  0.0848,  0.3534,  -0.5665,  0.3659,  -0.0044,  0.1468,  0.0917,  2.7096,  0.7855],  
 [0.0273,  -0.0101,  -0.0157,  -0.0666,  -0.0384,  -1.8383,  0.0385,  -0.0003,  0.0120,  0.0392,  0.3290,  0.5723,  0.3270,  -0.0090,  -0.0155,  -0.6955,  -0.2482,  -0.2773,  -0.0599,  -0.0035,  -0.0244,  0.0301,  -0.3641,  -0.7631,  -0.0106,  0.0180,  0.0137,  0.0322,  0.1186,  1.9062],  
 [-0.0211,  0.0092,  0.0034,  0.2127,  0.0806,  0.1437,  0.0001,  0.0054,  0.0060,  -0.0717,  -0.0483,  0.0778,  -0.0090,  0.0720,  0.0609,  0.0828,  -0.0431,  0.5571,  0.0064,  0.0077,  0.0102,  -0.0886,  -0.0136,  0.1659,  0.0227,  0.0033,  -0.0069,  -0.1862,  0.0546,  0.0194],  
 [-0.0488,  0.0202,  0.0230,  0.8651,  0.1423,  -0.0786,  0.0040,  0.0248,  0.0420,  -0.6155,  -0.0963,  0.2069,  -0.0155,  0.0609,  0.2458,  0.1001,  -0.1815,  0.8761,  0.0110,  0.0302,  0.0517,  -0.6649,  -0.1063,  0.3242,  0.0454,  0.0124,  -0.0022,  -0.8554,  0.1352,  -0.1944],  
 [-0.1020,  0.2421,  0.9892,  0.4155,  1.3700,  6.1324,  -0.0903,  -0.2260,  -0.3903,  5.8404,  -1.1181,  -1.9822,  -0.6955,  0.0828,  0.1001,  19.3913,  0.8866,  2.3323,  0.1363,  0.2758,  0.4804,  -6.5806,  0.9592,  2.3509,  -0.0012,  -0.2006,  -0.9961,  -0.4652,  -1.1929,  -6.3668],  
 [-0.1421,  -0.0348,  -0.0460,  0.6509,  2.0658,  1.8110,  0.6307,  0.0886,  0.2884,  -1.6755,  4.3563,  5.5227,  -0.2482,  -0.0431,  -0.1815,  0.8866,  23.0454,  -2.2831,  0.7538,  0.0620,  0.3003,  -1.3966,  5.8407,  6.3306,  0.1117,  -0.0283,  0.0022,  -1.1526,  0.4466,  -1.2610],  
 [-1.9680,  -0.0250,  0.1167,  5.1602,  2.7030,  6.5809,  0.1822,  -0.0401,  0.1017,  -0.4051,  1.0910,  2.9217,  -0.2773,  0.5571,  0.8761,  2.3323,  -2.2831,  80.3705,  0.2390,  0.0018,  0.1834,  -1.3181,  1.9651,  3.7302,  2.0348,  -0.1179,  -0.0405,  -3.9572,  3.5218,  0.0931],  
 [-0.0390,  -0.0072,  0.0037,  -0.0463,  0.3676,  0.1044,  -0.0034,  0.0013,  0.0004,  -0.0132,  -0.0328,  -0.0337,  -0.0599,  0.0064,  0.0110,  0.1363,  0.7538,  0.2390,  0.0734,  0.0083,  0.0345,  -0.1125,  0.3070,  0.7750,  0.0124,  -0.0049,  0.0014,  -0.2069,  -0.2970,  -0.2008],  
 [-0.0017,  0.0083,  0.0174,  0.1012,  0.0391,  0.0054,  -0.0004,  0.0002,  0.0002,  -0.0013,  -0.0148,  -0.0082,  -0.0035,  0.0077,  0.0302,  0.2758,  0.0620,  0.0018,  0.0083,  0.0200,  0.0212,  -0.2300,  -0.0830,  0.1912,  -0.0000,  -0.0000,  -0.0155,  -0.1207,  -0.0099,  -0.0507],  
 [-0.0166,  0.0082,  0.0292,  0.1319,  0.2521,  0.0926,  -0.0024,  0.0010,  -0.0017,  0.0151,  -0.0167,  -0.0300,  -0.0244,  0.0102,  0.0517,  0.4804,  0.3003,  0.1834,  0.0345,  0.0212,  0.0541,  -0.5401,  -0.0749,  0.4920,  0.0062,  -0.0001,  -0.0227,  -0.2566,  -0.1489,  -0.1515],  
 [0.0456,  -0.1502,  -0.3804,  -2.2190,  -2.3025,  -0.8411,  0.0083,  -0.0103,  0.0155,  -0.2419,  0.1421,  0.0848,  0.0301,  -0.0886,  -0.6649,  -6.5806,  -1.3966,  -1.3181,  -0.1125,  -0.2300,  -0.5401,  7.7745,  0.7988,  -2.2805,  -0.0041,  -0.0362,  0.3448,  2.7234,  0.7798,  1.0433],  
 [-0.2469,  -0.0787,  -0.0704,  -0.6109,  3.3447,  1.4899,  0.0088,  -0.0009,  0.0278,  -0.1796,  -0.4714,  0.3534,  -0.3641,  -0.0136,  -0.1063,  0.9592,  5.8407,  1.9651,  0.3070,  -0.0830,  -0.0749,  0.7988,  7.5836,  1.8366,  0.0588,  -0.0189,  0.0388,  -0.8689,  -2.0904,  -1.6394],  
 [-0.4432,  -0.0012,  0.1552,  0.1186,  3.1242,  1.6766,  -0.0393,  0.0169,  -0.0035,  -0.0393,  -0.4455,  -0.5665,  -0.7631,  0.1659,  0.3242,  2.3509,  6.3306,  3.7302,  0.7750,  0.1912,  0.4920,  -2.2805,  1.8366,  10.2963,  0.2184,  -0.1002,  -0.0615,  -2.2428,  -2.5645,  -3.1965],  
 [-0.0686,  -0.0067,  0.0091,  0.2299,  -0.0560,  0.1745,  0.0302,  0.0019,  0.0134,  -0.0345,  0.1573,  0.3659,  -0.0106,  0.0227,  0.0454,  -0.0012,  0.1117,  2.0348,  0.0124,  -0.0000,  0.0062,  -0.0041,  0.0588,  0.2184,  0.0928,  -0.0092,  0.0047,  -0.1328,  0.2214,  -0.2999],  
 [0.0114,  -0.0053,  -0.0137,  0.0252,  0.1082,  -0.0586,  -0.0065,  0.0060,  0.0046,  -0.1050,  -0.0414,  -0.0044,  0.0180,  0.0033,  0.0124,  -0.2006,  -0.0283,  -0.1179,  -0.0049,  -0.0000,  -0.0001,  -0.0362,  -0.0189,  -0.1002,  -0.0092,  0.0336,  0.0128,  -0.0706,  0.0020,  0.1465],  
 [-0.0026,  -0.0181,  -0.0714,  -0.0047,  0.1887,  -0.2086,  0.0038,  0.0144,  0.0235,  -0.3330,  -0.0098,  0.1468,  0.0137,  -0.0069,  -0.0022,  -0.9961,  0.0022,  -0.0405,  0.0014,  -0.0155,  -0.0227,  0.3448,  0.0388,  -0.0615,  0.0047,  0.0128,  0.0868,  0.0112,  -0.1980,  0.1248],  
 [0.2680,  -0.0277,  -0.0511,  -2.6217,  -2.5323,  1.6137,  0.0664,  -0.0876,  -0.1174,  2.1669,  0.6580,  0.0917,  0.0322,  -0.1862,  -0.8554,  -0.4652,  -1.1526,  -3.9572,  -0.2069,  -0.1207,  -0.2566,  2.7234,  -0.8689,  -2.2428,  -0.1328,  -0.0706,  0.0112,  8.4756,  0.5520,  -0.5141],  
 [0.0649,  0.1273,  0.2043,  1.2783,  -12.7448,  1.4660,  0.3240,  0.0198,  0.2018,  -1.7739,  2.5494,  2.7096,  0.1186,  0.0546,  0.1352,  -1.1929,  0.4466,  3.5218,  -0.2970,  -0.0099,  -0.1489,  0.7798,  -2.0904,  -2.5645,  0.2214,  0.0020,  -0.1980,  0.5520,  27.8641,  -0.6111],  
 [0.0842,  -0.0449,  -0.3083,  -0.9302,  2.9375,  -15.5222,  0.0139,  -0.0118,  0.0539,  -0.7686,  1.0334,  0.7855,  1.9062,  0.0194,  -0.1944,  -6.3668,  -1.2610,  0.0931,  -0.2008,  -0.0507,  -0.1515,  1.0433,  -1.6394,  -3.1965,  -0.2999,  0.1465,  0.1248,  -0.5141,  -0.6111,  22.6339]]
[[81.1309,  -10.5162,  1.3400,  0.5407,  0.0141,  -1.4593,  -5.9994,  -14.0233,  -3.9196,  0.0073,  0.3038,  1.6844,  -7.9767,  2.4499,  6.3834,  0.2175,  -1.2267,  1.1703,  46.5881,  -6.0586,  4.5560,  0.4520,  1.2725,  -1.0457,  21.2038,  -12.9364,  0.3769,  -0.0951,  0.0480,  0.0770],  
 [-10.5162,  51.3824,  -4.0516,  -0.1258,  -0.1007,  -0.1034,  -19.9885,  -12.8541,  -5.2626,  0.4627,  -0.2324,  1.9097,  -0.6628,  -5.9965,  -1.9153,  -0.6409,  0.2308,  -0.3204,  5.0482,  -3.3624,  8.5487,  0.4476,  -0.0209,  -0.8484,  7.8773,  9.2271,  -0.5951,  -0.0560,  -0.1005,  -0.1242],  
 [1.3400,  -4.0516,  38.0292,  0.3011,  0.4192,  0.6580,  -2.3028,  3.8098,  -12.6088,  -0.6908,  -0.2824,  0.3778,  -1.0117,  2.8951,  -3.5060,  -0.9565,  0.2819,  0.0346,  1.1885,  5.2336,  -10.9424,  -0.5268,  -0.1089,  -0.2288,  -2.5042,  -3.7745,  20.0547,  -0.1371,  0.0249,  0.5344],  
 [0.5407,  -0.1258,  0.3011,  0.2010,  -0.0196,  -0.0179,  -0.7143,  -0.3045,  -0.8388,  -0.0166,  -0.0291,  0.0890,  -0.0604,  0.0514,  -0.6819,  -0.0269,  -0.0165,  0.0038,  0.3274,  -0.1346,  0.7316,  0.0209,  0.0372,  -0.0044,  0.0670,  -0.0721,  0.0920,  -0.0045,  -0.0011,  0.0003],  
 [0.0141,  -0.1007,  0.4192,  -0.0196,  0.0568,  0.0049,  0.1177,  0.1780,  0.4581,  0.0135,  0.0131,  -0.0236,  0.0129,  0.0083,  0.0532,  -0.0109,  0.0024,  0.0014,  -0.0290,  0.0325,  -0.5402,  -0.0083,  -0.0247,  0.0092,  -0.0944,  -0.1035,  0.0050,  0.0028,  0.0167,  -0.0074],  
 [-1.4593,  -0.1034,  0.6580,  -0.0179,  0.0049,  0.2134,  0.3210,  0.3398,  0.0425,  -0.0029,  0.0019,  -0.0406,  0.7662,  -0.5190,  0.1671,  -0.0068,  -0.0112,  -0.0459,  -0.0918,  0.3245,  -0.9436,  -0.0213,  -0.0239,  0.0476,  -0.1015,  -0.1095,  0.5248,  -0.0198,  -0.0030,  0.0908],  
 [-5.9994,  -19.9885,  -2.3028,  -0.7143,  0.1177,  0.3210,  375.0730,  92.5779,  -42.8476,  -5.0116,  2.0662,  -19.2846,  5.6304,  28.0641,  -15.5451,  1.4113,  -10.7350,  0.6376,  142.8474,  29.9281,  39.9462,  1.2123,  4.5995,  -5.9815,  -59.5168,  35.7573,  5.6790,  -0.4614,  -0.3911,  -0.4218],  
 [-14.0233,  -12.8541,  3.8098,  -0.3045,  0.1780,  0.3398,  92.5779,  167.5698,  30.1862,  0.7917,  2.7345,  -9.5194,  10.6845,  7.8145,  -15.4953,  2.3862,  -3.0598,  -0.2064,  33.4510,  10.2910,  14.0224,  1.1653,  1.3778,  -1.6686,  -2.5819,  3.1805,  3.9714,  0.3143,  0.0410,  0.0849],  
 [-3.9196,  -5.2626,  -12.6088,  -0.8388,  0.4581,  0.0425,  -42.8476,  30.1862,  413.4713,  20.3473,  9.6424,  -11.5313,  8.9689,  8.5646,  -8.0237,  2.5285,  -2.6098,  -0.0464,  21.9764,  -8.6207,  10.0222,  1.2319,  0.5665,  -0.4011,  -5.7590,  15.8007,  -6.9705,  -0.1496,  -0.2353,  -0.7684],  
 [0.0073,  0.4627,  -0.6908,  -0.0166,  0.0135,  -0.0029,  -5.0116,  0.7917,  20.3473,  1.3590,  0.4020,  -0.3608,  -0.0652,  -0.1824,  0.6191,  -0.0055,  -0.0036,  0.0051,  -0.0671,  -0.1012,  0.7483,  0.0811,  0.0141,  -0.0344,  -0.2632,  0.4397,  -0.3101,  -0.0036,  0.0004,  -0.0164],  
 [0.3038,  -0.2324,  -0.2824,  -0.0291,  0.0131,  0.0019,  2.0662,  2.7345,  9.6424,  0.4020,  0.5321,  -0.3824,  0.0593,  0.6143,  -0.5773,  0.1175,  -0.2833,  0.0158,  3.3207,  0.3122,  0.6991,  0.0546,  0.1097,  -0.0987,  -1.2010,  0.8442,  -0.0380,  -0.0188,  -0.0171,  -0.0162],  
 [1.6844,  1.9097,  0.3778,  0.0890,  -0.0236,  -0.0406,  -19.2846,  -9.5194,  -11.5313,  -0.3608,  -0.3824,  1.8535,  -1.5944,  -1.9324,  1.1378,  -0.2473,  0.5304,  0.0098,  -6.4944,  -1.1668,  -1.9700,  -0.1053,  -0.2214,  0.2815,  1.8338,  -2.1921,  -0.7546,  -0.0154,  0.0168,  0.0603],  
 [-7.9767,  -0.6628,  -1.0117,  -0.0604,  0.0129,  0.7662,  5.6304,  10.6845,  8.9689,  -0.0652,  0.0593,  -1.5944,  15.7449,  -0.8099,  0.9112,  0.7420,  -0.0169,  -0.0967,  -0.3170,  -9.2090,  -10.2690,  0.0132,  -0.2440,  1.1817,  -4.4514,  0.2568,  2.2296,  0.0371,  0.0461,  -0.5567],  
 [2.4499,  -5.9965,  2.8951,  0.0514,  0.0083,  -0.5190,  28.0641,  7.8145,  8.5646,  -0.1824,  0.6143,  -1.9324,  -0.8099,  26.0691,  -9.9049,  -0.0660,  -1.0149,  0.1378,  16.9194,  5.5874,  11.8204,  -0.1767,  0.6311,  -1.5146,  -7.2462,  -1.1702,  3.4043,  -0.0488,  -0.0175,  -0.4791],  
 [6.3834,  -1.9153,  -3.5060,  -0.6819,  0.0532,  0.1671,  -15.5451,  -15.4953,  -8.0237,  0.6191,  -0.5773,  1.1378,  0.9112,  -9.9049,  22.3710,  0.1733,  1.1358,  0.1942,  -5.6577,  -12.9973,  -17.3648,  0.2650,  -0.7841,  0.9358,  -3.0838,  -3.6751,  -1.6803,  0.7232,  0.0334,  0.1451],  
 [0.2175,  -0.6409,  -0.9565,  -0.0269,  -0.0109,  -0.0068,  1.4113,  2.3862,  2.5285,  -0.0055,  0.1175,  -0.2473,  0.7420,  -0.0660,  0.1733,  0.3716,  -0.0494,  -0.0005,  0.1763,  -2.2812,  -2.2186,  0.0263,  -0.0736,  0.1904,  -0.0114,  0.7427,  1.4777,  -0.0117,  0.0069,  0.0075],  
 [-1.2267,  0.2308,  0.2819,  -0.0165,  0.0024,  -0.0112,  -10.7350,  -3.0598,  -2.6098,  -0.0036,  -0.2833,  0.5304,  -0.0169,  -1.0149,  1.1358,  -0.0494,  0.5808,  -0.0247,  -8.2593,  -1.7139,  -2.8060,  -0.0793,  -0.2761,  0.3514,  1.5291,  -1.1253,  0.1847,  0.0226,  0.0095,  0.0011],  
 [1.1703,  -0.3204,  0.0346,  0.0038,  0.0014,  -0.0459,  0.6376,  -0.2064,  -0.0464,  0.0051,  0.0158,  0.0098,  -0.0967,  0.1378,  0.1942,  -0.0005,  -0.0247,  0.0631,  0.6834,  -0.2501,  -0.2001,  0.0038,  0.0099,  0.0093,  -1.0703,  -0.1363,  -0.0307,  0.0005,  -0.0009,  -0.0365],  
 [46.5881,  5.0482,  1.1885,  0.3274,  -0.0290,  -0.0918,  142.8474,  33.4510,  21.9764,  -0.0671,  3.3207,  -6.4944,  -0.3170,  16.9194,  -5.6577,  0.1763,  -8.2593,  0.6834,  275.4368,  53.2025,  -55.3384,  -3.8593,  0.5035,  -12.8312,  -5.2175,  3.8555,  -3.0417,  0.6765,  -0.0085,  -0.1609],  
 [-6.0586,  -3.3624,  5.2336,  -0.1346,  0.0325,  0.3245,  29.9281,  10.2910,  -8.6207,  -0.1012,  0.3122,  -1.1668,  -9.2090,  5.5874,  -12.9973,  -2.2812,  -1.7139,  -0.2501,  53.2025,  147.9275,  21.2251,  0.9435,  2.1907,  -7.0050,  9.4513,  -7.3433,  1.6312,  0.4874,  -0.0022,  0.4996],  
 [4.5560,  8.5487,  -10.9424,  0.7316,  -0.5402,  -0.9436,  39.9462,  14.0224,  10.0222,  0.7483,  0.6991,  -1.9700,  -10.2690,  11.8204,  -17.3648,  -2.2186,  -2.8060,  -0.2001,  -55.3384,  21.2251,  405.0655,  19.9199,  9.4653,  -10.3096,  9.6071,  -6.5077,  -11.4522,  0.9217,  0.1199,  0.0863],  
 [0.4520,  0.4476,  -0.5268,  0.0209,  -0.0083,  -0.0213,  1.2123,  1.1653,  1.2319,  0.0811,  0.0546,  -0.1053,  0.0132,  -0.1767,  0.2650,  0.0263,  -0.0793,  0.0038,  -3.8593,  0.9435,  19.9199,  1.3574,  0.4089,  -0.3740,  0.0487,  0.2045,  -0.5746,  0.0353,  0.0034,  0.0033],  
 [1.2725,  -0.0209,  -0.1089,  0.0372,  -0.0247,  -0.0239,  4.5995,  1.3778,  0.5665,  0.0141,  0.1097,  -0.2214,  -0.2440,  0.6311,  -0.7841,  -0.0736,  -0.2761,  0.0099,  0.5035,  2.1907,  9.4653,  0.4089,  0.5255,  -0.2691,  -0.0026,  0.0552,  -0.1785,  0.0254,  0.0021,  0.0141],  
 [-1.0457,  -0.8484,  -0.2288,  -0.0044,  0.0092,  0.0476,  -5.9815,  -1.6686,  -0.4011,  -0.0344,  -0.0987,  0.2815,  1.1817,  -1.5146,  0.9358,  0.1904,  0.3514,  0.0093,  -12.8312,  -7.0050,  -10.3096,  -0.3740,  -0.2691,  1.4230,  -1.2785,  0.9667,  0.4495,  -0.0915,  -0.0006,  -0.0170],  
 [21.2038,  7.8773,  -2.5042,  0.0670,  -0.0944,  -0.1015,  -59.5168,  -2.5819,  -5.7590,  -0.2632,  -1.2010,  1.8338,  -4.4514,  -7.2462,  -3.0838,  -0.0114,  1.5291,  -1.0703,  -5.2175,  9.4513,  9.6071,  0.0487,  -0.0026,  -1.2785,  73.3716,  -5.9707,  -1.7391,  0.2252,  0.0076,  1.2021],  
 [-12.9364,  9.2271,  -3.7745,  -0.0721,  -0.1035,  -0.1095,  35.7573,  3.1805,  15.8007,  0.4397,  0.8442,  -2.1921,  0.2568,  -1.1702,  -3.6751,  0.7427,  -1.1253,  -0.1363,  3.8555,  -7.3433,  -6.5077,  0.2045,  0.0552,  0.9667,  -5.9707,  49.5010,  -4.5326,  -0.0600,  -0.2063,  -0.2366],  
 [0.3769,  -0.5951,  20.0547,  0.0920,  0.0050,  0.5248,  5.6790,  3.9714,  -6.9705,  -0.3101,  -0.0380,  -0.7546,  2.2296,  3.4043,  -1.6803,  1.4777,  0.1847,  -0.0307,  -3.0417,  1.6312,  -11.4522,  -0.5746,  -0.1785,  0.4495,  -1.7391,  -4.5326,  47.4848,  -0.2028,  0.2402,  0.6105],  
 [-0.0951,  -0.0560,  -0.1371,  -0.0045,  0.0028,  -0.0198,  -0.4614,  0.3143,  -0.1496,  -0.0036,  -0.0188,  -0.0154,  0.0371,  -0.0488,  0.7232,  -0.0117,  0.0226,  0.0005,  0.6765,  0.4874,  0.9217,  0.0353,  0.0254,  -0.0915,  0.2252,  -0.0600,  -0.2028,  0.2262,  0.0058,  -0.0023],  
 [0.0480,  -0.1005,  0.0249,  -0.0011,  0.0167,  -0.0030,  -0.3911,  0.0410,  -0.2353,  0.0004,  -0.0171,  0.0168,  0.0461,  -0.0175,  0.0334,  0.0069,  0.0095,  -0.0009,  -0.0085,  -0.0022,  0.1199,  0.0034,  0.0021,  -0.0006,  0.0076,  -0.2063,  0.2402,  0.0058,  0.0521,  -0.0021],  
 [0.0770,  -0.1242,  0.5344,  0.0003,  -0.0074,  0.0908,  -0.4218,  0.0849,  -0.7684,  -0.0164,  -0.0162,  0.0603,  -0.5567,  -0.4791,  0.1451,  0.0075,  0.0011,  -0.0365,  -0.1609,  0.4996,  0.0863,  0.0033,  0.0141,  -0.0170,  1.2021,  -0.2366,  0.6105,  -0.0023,  -0.0021,  0.1780]]

TA
[0.2384,  -9.5553,  1.1101,  -0.0684,  -0.0988,  0.0112,  9.2746,  -37.4635,  -34.4620,  -3.2209,  8.4698,  -1.5257,  -0.0000,  2.3258,  37.0825,  -0.0000,  0.2295,  3.3303,  9.2746,  -37.4635,  -34.4620,  -3.2209,  8.4698,  -1.5257,  -0.2384,  -9.5553,  1.1101,  0.0684,  -0.0988,  0.0112]
[[0.0917,  0.0095,  -0.0057,  -0.1334,  -0.2586,  0.1004,  -0.0052,  0.0018,  -0.0017,  -0.0158,  -0.0008,  -0.1285,  0.0103,  -0.0222,  -0.0402,  -0.1024,  -0.0224,  -2.0845,  -0.0294,  -0.0025,  -0.0138,  0.0486,  -0.1443,  -0.3582,  -0.0680,  0.0115,  0.0027,  0.2224,  0.0169,  -0.0852],  
 [0.0095,  0.0243,  0.0091,  0.0618,  -0.0183,  0.1142,  -0.0022,  0.0016,  0.0017,  -0.0504,  -0.0107,  -0.0750,  -0.0150,  0.0002,  0.0102,  0.1424,  0.0546,  -0.1704,  -0.0033,  0.0042,  0.0039,  -0.0749,  0.0029,  0.0127,  -0.0115,  -0.0019,  -0.0082,  -0.0226,  0.0501,  -0.0836],  
 [-0.0057,  0.0091,  0.0712,  -0.0540,  -0.0643,  0.1570,  -0.0062,  -0.0088,  -0.0154,  0.2216,  -0.0929,  -0.0951,  -0.0224,  -0.0025,  0.0042,  0.8227,  -0.0805,  0.0014,  0.0059,  0.0105,  0.0200,  -0.2593,  0.0108,  0.1358,  -0.0027,  -0.0082,  -0.0553,  -0.0256,  0.1016,  -0.2634],  
 [-0.1334,  0.0618,  -0.0540,  7.5821,  -0.6847,  0.2287,  0.1440,  0.1044,  0.1806,  -2.1598,  1.0048,  1.4600,  0.0142,  0.1799,  0.6679,  -0.8799,  0.7522,  4.0283,  -0.0826,  0.0645,  0.0280,  -1.0186,  -0.0144,  -0.4706,  0.2224,  0.0226,  0.0256,  -2.2972,  1.3249,  -0.3872],  
 [-0.2586,  -0.0183,  -0.0643,  -0.6847,  22.0030,  -0.8296,  -0.1576,  -0.0639,  -0.1525,  1.4293,  -0.4102,  -1.1157,  -0.0245,  0.0050,  0.0017,  2.5968,  2.5798,  3.2321,  0.3214,  0.0306,  0.1657,  -1.4981,  3.0307,  2.2659,  -0.0169,  0.0501,  0.1016,  -1.3249,  -9.7936,  1.5576],  
 [0.1004,  0.1142,  0.1570,  0.2287,  -0.8296,  19.3745,  -0.1388,  -0.0403,  -0.1388,  1.3104,  -1.1631,  -2.3049,  -1.7453,  0.0488,  -0.0767,  6.5666,  0.7384,  2.4234,  0.1216,  0.0069,  0.0928,  -0.9308,  1.7609,  1.6874,  0.0852,  -0.0836,  -0.2634,  0.3872,  1.5576,  -15.2266],  
 [-0.0052,  -0.0022,  -0.0062,  0.1440,  -0.1576,  -0.1388,  0.0594,  0.0101,  0.0312,  -0.1237,  0.1786,  0.6502,  0.0508,  0.0046,  0.0026,  -0.1597,  0.5849,  0.1622,  -0.0095,  -0.0013,  -0.0064,  0.0328,  -0.0062,  -0.1156,  0.0294,  -0.0033,  0.0059,  0.0826,  0.3214,  0.1216],  
 [0.0018,  0.0016,  -0.0088,  0.1044,  -0.0639,  -0.0403,  0.0101,  0.0150,  0.0145,  -0.1360,  -0.0157,  0.1699,  0.0035,  0.0039,  0.0205,  -0.1714,  0.1094,  -0.0360,  -0.0013,  0.0007,  0.0009,  -0.0206,  -0.0089,  -0.0093,  0.0025,  0.0042,  0.0105,  -0.0645,  0.0306,  0.0069],  
 [-0.0017,  0.0017,  -0.0154,  0.1806,  -0.1525,  -0.1388,  0.0312,  0.0145,  0.0404,  -0.3794,  -0.0359,  0.4065,  0.0238,  0.0057,  0.0277,  -0.3441,  0.2630,  0.0929,  -0.0064,  0.0009,  -0.0039,  0.0222,  -0.0183,  -0.0616,  0.0138,  0.0039,  0.0200,  -0.0280,  0.1657,  0.0928],  
 [-0.0158,  -0.0504,  0.2216,  -2.1598,  1.4293,  1.3104,  -0.1237,  -0.1360,  -0.3794,  5.8666,  -0.3650,  -1.5808,  -0.0529,  -0.0503,  -0.4235,  4.9944,  -1.7493,  -0.3489,  0.0328,  -0.0206,  0.0222,  -0.2524,  0.1749,  0.1457,  -0.0486,  -0.0749,  -0.2593,  1.0186,  -1.4981,  -0.9308],  
 [-0.0008,  -0.0107,  -0.0929,  1.0048,  -0.4102,  -1.1631,  0.1786,  -0.0157,  -0.0359,  -0.3650,  6.2897,  0.8966,  0.3040,  0.0035,  0.0065,  -2.4789,  4.5635,  0.4905,  -0.0062,  -0.0089,  -0.0183,  0.1749,  -0.0756,  -0.0992,  0.1443,  0.0029,  0.0108,  0.0144,  3.0307,  1.7609],  
 [-0.1285,  -0.0750,  -0.0951,  1.4600,  -1.1157,  -2.3049,  0.6502,  0.1699,  0.4065,  -1.5808,  0.8966,  8.8604,  0.6805,  0.1212,  0.1663,  -1.7333,  4.7558,  2.9713,  -0.1156,  -0.0093,  -0.0616,  0.1457,  -0.0992,  -1.5353,  0.3582,  0.0127,  0.1358,  0.4706,  2.2659,  1.6874],  
 [0.0103,  -0.0150,  -0.0224,  0.0142,  -0.0245,  -1.7453,  0.0508,  0.0035,  0.0238,  -0.0529,  0.3040,  0.6805,  0.3176,  -0.0000,  -0.0000,  -0.7226,  -0.0000,  -0.0000,  -0.0508,  -0.0035,  -0.0238,  0.0529,  -0.3040,  -0.6805,  0.0103,  0.0150,  0.0224,  0.0142,  0.0245,  1.7453],  
 [-0.0222,  0.0002,  -0.0025,  0.1799,  0.0050,  0.0488,  0.0046,  0.0039,  0.0057,  -0.0503,  0.0035,  0.1212,  -0.0000,  0.0486,  0.0475,  0.0000,  0.0108,  0.4786,  0.0046,  0.0039,  0.0057,  -0.0503,  0.0035,  0.1212,  0.0222,  0.0002,  -0.0025,  -0.1799,  0.0050,  0.0488],  
