[0.2384,  -9.5553,  1.1101,  -0.0684,  -0.0988,  0.0112,  9.2746,  -37.4635,  -34.4620,  -3.2209,  8.4698,  -1.5257,  -0.0000,  2.3258,  37.0825,  -0.0000,  0.2295,  3.3303,  9.2746,  -37.4635,  -34.4620,  -3.2209,  8.4698,  -1.5257,  -0.2384,  -9.5553,  1.1101,  0.0684,  -0.0988,  0.0112]
[[0.0917,  0.0095,  -0.0057,  -0.1334,  -0.2586,  0.1004,  -0.0052,  0.0018,  -0.0017,  -0.0158,  -0.0008,  -0.1285,  0.0103,  -0.0222,  -0.0402,  -0.1024,  -0.0224,  -2.0845,  -0.0294,  -0.0025,  -0.0138,  0.0486,  -0.1443,  -0.3582,  -0.0680,  0.0115,  0.0027,  0.2224,  0.0169,  -0.0852],  
 [0.0095,  0.0243,  0.0091,  0.0618,  -0.0183,  0.1142,  -0.0022,  0.0016,  0.0017,  -0.0504,  -0.0107,  -0.0750,  -0.0150,  0.0002,  0.0102,  0.1424,  0.0546,  -0.1704,  -0.0033,  0.0042,  0.0039,  -0.0749,  0.0029,  0.0127,  -0.0115,  -0.0019,  -0.0082,  -0.0226,  0.0501,  -0.0836],  
 [-0.0057,  0.0091,  0.0712,  -0.0540,  -0.0643,  0.1570,  -0.0062,  -0.0088,  -0.0154,  0.2216,  -0.0929,  -0.0951,  -0.0224,  -0.0025,  0.0042,  0.8227,  -0.0805,  0.0014,  0.0059,  0.0105,  0.0200,  -0.2593,  0.0108,  0.1358,  -0.0027,  -0.0082,  -0.0553,  -0.0256,  0.1016,  -0.2634],  
 [-0.1334,  0.0618,  -0.0540,  7.5821,  -0.6847,  0.2287,  0.1440,  0.1044,  0.1806,  -2.1598,  1.0048,  1.4600,  0.0142,  0.1799,  0.6679,  -0.8799,  0.7522,  4.0283,  -0.0826,  0.0645,  0.0280,  -1.0186,  -0.0144,  -0.4706,  0.2224,  0.0226,  0.0256,  -2.2972,  1.3249,  -0.3872],  
 [-0.2586,  -0.0183,  -0.0643,  -0.6847,  22.0030,  -0.8296,  -0.1576,  -0.0639,  -0.1525,  1.4293,  -0.4102,  -1.1157,  -0.0245,  0.0050,  0.0017,  2.5968,  2.5798,  3.2321,  0.3214,  0.0306,  0.1657,  -1.4981,  3.0307,  2.2659,  -0.0169,  0.0501,  0.1016,  -1.3249,  -9.7936,  1.5576],  
 [0.1004,  0.1142,  0.1570,  0.2287,  -0.8296,  19.3745,  -0.1388,  -0.0403,  -0.1388,  1.3104,  -1.1631,  -2.3049,  -1.7453,  0.0488,  -0.0767,  6.5666,  0.7384,  2.4234,  0.1216,  0.0069,  0.0928,  -0.9308,  1.7609,  1.6874,  0.0852,  -0.0836,  -0.2634,  0.3872,  1.5576,  -15.2266],  
 [-0.0052,  -0.0022,  -0.0062,  0.1440,  -0.1576,  -0.1388,  0.0594,  0.0101,  0.0312,  -0.1237,  0.1786,  0.6502,  0.0508,  0.0046,  0.0026,  -0.1597,  0.5849,  0.1622,  -0.0095,  -0.0013,  -0.0064,  0.0328,  -0.0062,  -0.1156,  0.0294,  -0.0033,  0.0059,  0.0826,  0.3214,  0.1216],  
 [0.0018,  0.0016,  -0.0088,  0.1044,  -0.0639,  -0.0403,  0.0101,  0.0150,  0.0145,  -0.1360,  -0.0157,  0.1699,  0.0035,  0.0039,  0.0205,  -0.1714,  0.1094,  -0.0360,  -0.0013,  0.0007,  0.0009,  -0.0206,  -0.0089,  -0.0093,  0.0025,  0.0042,  0.0105,  -0.0645,  0.0306,  0.0069],  
 [-0.0017,  0.0017,  -0.0154,  0.1806,  -0.1525,  -0.1388,  0.0312,  0.0145,  0.0404,  -0.3794,  -0.0359,  0.4065,  0.0238,  0.0057,  0.0277,  -0.3441,  0.2630,  0.0929,  -0.0064,  0.0009,  -0.0039,  0.0222,  -0.0183,  -0.0616,  0.0138,  0.0039,  0.0200,  -0.0280,  0.1657,  0.0928],  
 [-0.0158,  -0.0504,  0.2216,  -2.1598,  1.4293,  1.3104,  -0.1237,  -0.1360,  -0.3794,  5.8666,  -0.3650,  -1.5808,  -0.0529,  -0.0503,  -0.4235,  4.9944,  -1.7493,  -0.3489,  0.0328,  -0.0206,  0.0222,  -0.2524,  0.1749,  0.1457,  -0.0486,  -0.0749,  -0.2593,  1.0186,  -1.4981,  -0.9308],  
 [-0.0008,  -0.0107,  -0.0929,  1.0048,  -0.4102,  -1.1631,  0.1786,  -0.0157,  -0.0359,  -0.3650,  6.2897,  0.8966,  0.3040,  0.0035,  0.0065,  -2.4789,  4.5635,  0.4905,  -0.0062,  -0.0089,  -0.0183,  0.1749,  -0.0756,  -0.0992,  0.1443,  0.0029,  0.0108,  0.0144,  3.0307,  1.7609],  
 [-0.1285,  -0.0750,  -0.0951,  1.4600,  -1.1157,  -2.3049,  0.6502,  0.1699,  0.4065,  -1.5808,  0.8966,  8.8604,  0.6805,  0.1212,  0.1663,  -1.7333,  4.7558,  2.9713,  -0.1156,  -0.0093,  -0.0616,  0.1457,  -0.0992,  -1.5353,  0.3582,  0.0127,  0.1358,  0.4706,  2.2659,  1.6874],  
 [0.0103,  -0.0150,  -0.0224,  0.0142,  -0.0245,  -1.7453,  0.0508,  0.0035,  0.0238,  -0.0529,  0.3040,  0.6805,  0.3176,  -0.0000,  -0.0000,  -0.7226,  -0.0000,  -0.0000,  -0.0508,  -0.0035,  -0.0238,  0.0529,  -0.3040,  -0.6805,  0.0103,  0.0150,  0.0224,  0.0142,  0.0245,  1.7453],  
 [-0.0222,  0.0002,  -0.0025,  0.1799,  0.0050,  0.0488,  0.0046,  0.0039,  0.0057,  -0.0503,  0.0035,  0.1212,  -0.0000,  0.0486,  0.0475,  0.0000,  0.0108,  0.4786,  0.0046,  0.0039,  0.0057,  -0.0503,  0.0035,  0.1212,  0.0222,  0.0002,  -0.0025,  -0.1799,  0.0050,  0.0488],  
 [-0.0402,  0.0102,  0.0042,  0.6679,  0.0017,  -0.0767,  0.0026,  0.0205,  0.0277,  -0.4235,  0.0065,  0.1663,  -0.0000,  0.0475,  0.1815,  0.0000,  -0.2072,  0.7412,  0.0026,  0.0205,  0.0277,  -0.4235,  0.0065,  0.1663,  0.0402,  0.0102,  0.0042,  -0.6679,  0.0017,  -0.0767],  
 [-0.1024,  0.1424,  0.8227,  -0.8799,  2.5968,  6.5666,  -0.1597,  -0.1714,  -0.3441,  4.9944,  -2.4789,  -1.7333,  -0.7226,  0.0000,  0.0000,  17.5294,  0.0000,  0.0000,  0.1597,  0.1714,  0.3441,  -4.9944,  2.4789,  1.7333,  -0.1024,  -0.1424,  -0.8227,  -0.8799,  -2.5968,  -6.5666],  
 [-0.0224,  0.0546,  -0.0805,  0.7522,  2.5798,  0.7384,  0.5849,  0.1094,  0.2630,  -1.7493,  4.5635,  4.7558,  -0.0000,  0.0108,  -0.2072,  0.0000,  21.6831,  -4.9203,  0.5849,  0.1094,  0.2630,  -1.7493,  4.5635,  4.7558,  0.0224,  0.0546,  -0.0805,  -0.7522,  2.5798,  0.7384],  
 [-2.0845,  -0.1704,  0.0014,  4.0283,  3.2321,  2.4234,  0.1622,  -0.0360,  0.0929,  -0.3489,  0.4905,  2.9713,  -0.0000,  0.4786,  0.7412,  0.0000,  -4.9203,  84.2378,  0.1622,  -0.0360,  0.0929,  -0.3489,  0.4905,  2.9713,  2.0845,  -0.1704,  0.0014,  -4.0283,  3.2321,  2.4234],  
 [-0.0294,  -0.0033,  0.0059,  -0.0826,  0.3214,  0.1216,  -0.0095,  -0.0013,  -0.0064,  0.0328,  -0.0062,  -0.1156,  -0.0508,  0.0046,  0.0026,  0.1597,  0.5849,  0.1622,  0.0594,  0.0101,  0.0312,  -0.1237,  0.1786,  0.6502,  0.0052,  -0.0022,  -0.0062,  -0.1440,  -0.1576,  -0.1388],  
 [-0.0025,  0.0042,  0.0105,  0.0645,  0.0306,  0.0069,  -0.0013,  0.0007,  0.0009,  -0.0206,  -0.0089,  -0.0093,  -0.0035,  0.0039,  0.0205,  0.1714,  0.1094,  -0.0360,  0.0101,  0.0150,  0.0145,  -0.1360,  -0.0157,  0.1699,  -0.0018,  0.0016,  -0.0088,  -0.1044,  -0.0639,  -0.0403],  
 [-0.0138,  0.0039,  0.0200,  0.0280,  0.1657,  0.0928,  -0.0064,  0.0009,  -0.0039,  0.0222,  -0.0183,  -0.0616,  -0.0238,  0.0057,  0.0277,  0.3441,  0.2630,  0.0929,  0.0312,  0.0145,  0.0404,  -0.3794,  -0.0359,  0.4065,  0.0017,  0.0017,  -0.0154,  -0.1806,  -0.1525,  -0.1388],  
 [0.0486,  -0.0749,  -0.2593,  -1.0186,  -1.4981,  -0.9308,  0.0328,  -0.0206,  0.0222,  -0.2524,  0.1749,  0.1457,  0.0529,  -0.0503,  -0.4235,  -4.9944,  -1.7493,  -0.3489,  -0.1237,  -0.1360,  -0.3794,  5.8666,  -0.3650,  -1.5808,  0.0158,  -0.0504,  0.2216,  2.1598,  1.4293,  1.3104],  
 [-0.1443,  0.0029,  0.0108,  -0.0144,  3.0307,  1.7609,  -0.0062,  -0.0089,  -0.0183,  0.1749,  -0.0756,  -0.0992,  -0.3040,  0.0035,  0.0065,  2.4789,  4.5635,  0.4905,  0.1786,  -0.0157,  -0.0359,  -0.3650,  6.2897,  0.8966,  0.0008,  -0.0107,  -0.0929,  -1.0048,  -0.4102,  -1.1631],  
 [-0.3582,  0.0127,  0.1358,  -0.4706,  2.2659,  1.6874,  -0.1156,  -0.0093,  -0.0616,  0.1457,  -0.0992,  -1.5353,  -0.6805,  0.1212,  0.1663,  1.7333,  4.7558,  2.9713,  0.6502,  0.1699,  0.4065,  -1.5808,  0.8966,  8.8604,  0.1285,  -0.0750,  -0.0951,  -1.4600,  -1.1157,  -2.3049],  
 [-0.0680,  -0.0115,  -0.0027,  0.2224,  -0.0169,  0.0852,  0.0294,  0.0025,  0.0138,  -0.0486,  0.1443,  0.3582,  0.0103,  0.0222,  0.0402,  -0.1024,  0.0224,  2.0845,  0.0052,  -0.0018,  0.0017,  0.0158,  0.0008,  0.1285,  0.0917,  -0.0095,  0.0057,  -0.1334,  0.2586,  -0.1004],  
 [0.0115,  -0.0019,  -0.0082,  0.0226,  0.0501,  -0.0836,  -0.0033,  0.0042,  0.0039,  -0.0749,  0.0029,  0.0127,  0.0150,  0.0002,  0.0102,  -0.1424,  0.0546,  -0.1704,  -0.0022,  0.0016,  0.0017,  -0.0504,  -0.0107,  -0.0750,  -0.0095,  0.0243,  0.0091,  -0.0618,  -0.0183,  0.1142],  
 [0.0027,  -0.0082,  -0.0553,  0.0256,  0.1016,  -0.2634,  0.0059,  0.0105,  0.0200,  -0.2593,  0.0108,  0.1358,  0.0224,  -0.0025,  0.0042,  -0.8227,  -0.0805,  0.0014,  -0.0062,  -0.0088,  -0.0154,  0.2216,  -0.0929,  -0.0951,  0.0057,  0.0091,  0.0712,  0.0540,  -0.0643,  0.1570],  
 [0.2224,  -0.0226,  -0.0256,  -2.2972,  -1.3249,  0.3872,  0.0826,  -0.0645,  -0.0280,  1.0186,  0.0144,  0.4706,  0.0142,  -0.1799,  -0.6679,  -0.8799,  -0.7522,  -4.0283,  -0.1440,  -0.1044,  -0.1806,  2.1598,  -1.0048,  -1.4600,  -0.1334,  -0.0618,  0.0540,  7.5821,  0.6847,  -0.2287],  
 [0.0169,  0.0501,  0.1016,  1.3249,  -9.7936,  1.5576,  0.3214,  0.0306,  0.1657,  -1.4981,  3.0307,  2.2659,  0.0245,  0.0050,  0.0017,  -2.5968,  2.5798,  3.2321,  -0.1576,  -0.0639,  -0.1525,  1.4293,  -0.4102,  -1.1157,  0.2586,  -0.0183,  -0.0643,  0.6847,  22.0030,  -0.8296],  
 [-0.0852,  -0.0836,  -0.2634,  -0.3872,  1.5576,  -15.2266,  0.1216,  0.0069,  0.0928,  -0.9308,  1.7609,  1.6874,  1.7453,  0.0488,  -0.0767,  -6.5666,  0.7384,  2.4234,  -0.1388,  -0.0403,  -0.1388,  1.3104,  -1.1631,  -2.3049,  -0.1004,  0.1142,  0.1570,  -0.2287,  -0.8296,  19.3745]]
[[79.9623,  5.4614,  2.5887,  0.3079,  0.0251,  -1.2452,  -2.6930,  -15.7434,  -9.2791,  -0.1616,  -0.1230,  1.6463,  -6.8806,  4.7613,  6.2545,  0.0123,  -1.1867,  0.9547,  58.7718,  -1.8298,  8.6914,  0.5853,  1.3253,  -1.9619,  30.2626,  -17.1125,  -0.2589,  0.0299,  -0.0220,  0.4710],  
 [5.4614,  74.1853,  -3.5494,  0.0978,  -0.2621,  -0.3696,  7.3698,  -11.4616,  -12.7153,  -0.0602,  0.2697,  1.5983,  -2.1020,  4.0711,  -8.9020,  -1.2054,  -1.9525,  -0.2200,  59.7645,  11.2290,  13.9582,  0.1070,  0.9829,  -3.6952,  17.1125,  7.8330,  -5.7819,  0.0318,  -0.1665,  -0.0361],  
 [2.5887,  -3.5494,  60.9538,  0.3786,  -0.1518,  1.0394,  -2.2665,  -0.3060,  -9.0474,  -0.1197,  0.0847,  0.3330,  -1.8237,  6.1137,  -1.9363,  -1.5744,  0.3505,  0.0099,  11.2808,  4.8302,  -5.2687,  -0.0965,  0.4290,  -1.3598,  0.2589,  -5.7819,  33.4030,  -0.2571,  -0.4826,  0.9345],  
 [0.3079,  0.0978,  0.3786,  0.2439,  -0.0072,  0.0049,  -1.0459,  -0.6622,  -1.1954,  -0.0508,  -0.0348,  0.1254,  0.1194,  -0.1200,  -0.7971,  -0.0123,  -0.0123,  -0.0014,  0.5016,  -0.5380,  -0.0423,  -0.0214,  0.0111,  0.0298,  0.0299,  -0.0318,  0.2571,  0.0020,  -0.0012,  0.0075],  
 [0.0251,  -0.2621,  -0.1518,  -0.0072,  0.0736,  -0.0085,  -0.1899,  0.2534,  0.2720,  0.0037,  -0.0108,  -0.0044,  -0.0360,  -0.0027,  0.0170,  -0.0131,  0.0098,  -0.0022,  -0.6450,  0.1089,  -0.1471,  -0.0020,  -0.0292,  0.0279,  0.0220,  -0.1665,  -0.4826,  0.0012,  0.0286,  -0.0132],  
 [-1.2452,  -0.3696,  1.0394,  0.0049,  -0.0085,  0.2350,  0.3138,  0.4692,  -0.1630,  -0.0207,  0.0024,  -0.0245,  0.6384,  -0.5467,  0.1027,  -0.0141,  -0.0089,  -0.0287,  -0.3447,  -0.0034,  -0.5331,  -0.0153,  -0.0132,  0.0581,  -0.4710,  -0.0361,  0.9345,  -0.0075,  -0.0132,  0.1260],  
 [-2.6930,  7.3698,  -2.2665,  -1.0459,  -0.1899,  0.3138,  434.5613,  98.7910,  -31.0408,  -3.5437,  3.1021,  -22.1212,  3.6450,  53.8947,  -28.9673,  0.9086,  -13.8693,  0.5696,  224.9814,  55.1983,  35.3022,  -0.1164,  5.4636,  -9.7046,  -58.7718,  59.7645,  11.2808,  -0.5016,  -0.6450,  -0.3447],  
 [-15.7434,  -11.4616,  -0.3060,  -0.6622,  0.2534,  0.4692,  98.7910,  189.7305,  13.4026,  -0.5162,  2.5204,  -9.8851,  11.8961,  23.3516,  -26.7894,  2.5528,  -3.8401,  -0.3256,  55.1983,  30.1467,  0.3762,  0.3147,  1.1650,  -2.6160,  1.8298,  11.2290,  4.8302,  0.5380,  0.1089,  -0.0034],  
 [-9.2791,  -12.7153,  -9.0474,  -1.1954,  0.2720,  -0.1630,  -31.0408,  13.4026,  399.4744,  18.7231,  9.4218,  -11.5220,  4.0201,  19.1955,  -9.8739,  2.4600,  -3.0598,  -0.0949,  35.3022,  0.3762,  41.7525,  2.7162,  1.3785,  -2.8378,  -8.6914,  13.9582,  -5.2687,  0.0423,  -0.1471,  -0.5331],  
 [-0.1616,  -0.0602,  -0.1197,  -0.0508,  0.0037,  -0.0207,  -3.5437,  -0.5162,  18.7231,  1.2903,  0.3591,  -0.3789,  -0.3093,  0.0208,  0.9611,  -0.0411,  -0.0050,  0.0110,  -0.1164,  0.3147,  2.7162,  0.1738,  0.0635,  -0.1286,  -0.5853,  0.1070,  -0.0965,  0.0214,  -0.0020,  -0.0153],  
 [-0.1230,  0.2697,  0.0847,  -0.0348,  -0.0108,  0.0024,  3.1021,  2.5204,  9.4218,  0.3591,  0.5724,  -0.3897,  0.0133,  1.4507,  -1.1913,  0.1174,  -0.3569,  0.0104,  5.4636,  1.1650,  1.3785,  0.0635,  0.1379,  -0.2618,  -1.3253,  0.9829,  0.4290,  -0.0111,  -0.0292,  -0.0132],  
 [1.6463,  1.5983,  0.3330,  0.1254,  -0.0044,  -0.0245,  -22.1212,  -9.8851,  -11.5220,  -0.3789,  -0.3897,  2.0177,  -1.2687,  -3.8779,  1.8334,  -0.2644,  0.6527,  0.0074,  -9.7046,  -2.6160,  -2.8378,  -0.1286,  -0.2618,  0.4994,  1.9619,  -3.6952,  -1.3598,  -0.0298,  0.0279,  0.0581],  
 [-6.8806,  -2.1020,  -1.8237,  0.1194,  -0.0360,  0.6384,  3.6450,  11.8961,  4.0201,  -0.3093,  0.0133,  -1.2687,  14.9479,  0.0000,  0.0000,  0.6716,  0.0000,  -0.0000,  -3.6450,  -11.8961,  -4.0201,  0.3093,  -0.0133,  1.2687,  -6.8806,  2.1020,  1.8237,  0.1194,  0.0360,  -0.6384],  
 [4.7613,  4.0711,  6.1137,  -0.1200,  -0.0027,  -0.5467,  53.8947,  23.3516,  19.1955,  0.0208,  1.4507,  -3.8779,  0.0000,  47.1437,  -19.4038,  0.0000,  -2.6267,  0.0714,  53.8947,  23.3516,  19.1955,  0.0208,  1.4507,  -3.8779,  -4.7613,  4.0711,  6.1137,  0.1200,  -0.0027,  -0.5467],  
 [6.2545,  -8.9020,  -1.9363,  -0.7971,  0.0170,  0.1027,  -28.9673,  -26.7894,  -9.8739,  0.9611,  -1.1913,  1.8334,  0.0000,  -19.4038,  32.9879,  0.0000,  2.4069,  0.3061,  -28.9673,  -26.7894,  -9.8739,  0.9611,  -1.1913,  1.8334,  -6.2545,  -8.9020,  -1.9363,  0.7971,  0.0170,  0.1027],  
 [0.0123,  -1.2054,  -1.5744,  -0.0123,  -0.0131,  -0.0141,  0.9086,  2.5528,  2.4600,  -0.0411,  0.1174,  -0.2644,  0.6716,  0.0000,  0.0000,  0.4329,  0.0000,  -0.0000,  -0.9086,  -2.5528,  -2.4600,  0.0411,  -0.1174,  0.2644,  0.0123,  1.2054,  1.5744,  -0.0123,  0.0131,  0.0141],  
 [-1.1867,  -1.9525,  0.3505,  -0.0123,  0.0098,  -0.0089,  -13.8693,  -3.8401,  -3.0598,  -0.0050,  -0.3569,  0.6527,  0.0000,  -2.6267,  2.4069,  0.0000,  0.8015,  -0.0102,  -13.8693,  -3.8401,  -3.0598,  -0.0050,  -0.3569,  0.6527,  1.1867,  -1.9525,  0.3505,  0.0123,  0.0098,  -0.0089],  
 [0.9547,  -0.2200,  0.0099,  -0.0014,  -0.0022,  -0.0287,  0.5696,  -0.3256,  -0.0949,  0.0110,  0.0104,  0.0074,  -0.0000,  0.0714,  0.3061,  -0.0000,  -0.0102,  0.0537,  0.5696,  -0.3256,  -0.0949,  0.0110,  0.0104,  0.0074,  -0.9547,  -0.2200,  0.0099,  0.0014,  -0.0022,  -0.0287],  
 [58.7718,  59.7645,  11.2808,  0.5016,  -0.6450,  -0.3447,  224.9814,  55.1983,  35.3022,  -0.1164,  5.4636,  -9.7046,  -3.6450,  53.8947,  -28.9673,  -0.9086,  -13.8693,  0.5696,  434.5613,  98.7910,  -31.0408,  -3.5437,  3.1021,  -22.1212,  2.6930,  7.3698,  -2.2665,  1.0459,  -0.1899,  0.3138],  
 [-1.8298,  11.2290,  4.8302,  -0.5380,  0.1089,  -0.0034,  55.1983,  30.1467,  0.3762,  0.3147,  1.1650,  -2.6160,  -11.8961,  23.3516,  -26.7894,  -2.5528,  -3.8401,  -0.3256,  98.7910,  189.7305,  13.4026,  -0.5162,  2.5204,  -9.8851,  15.7434,  -11.4616,  -0.3060,  0.6622,  0.2534,  0.4692],  
 [8.6914,  13.9582,  -5.2687,  -0.0423,  -0.1471,  -0.5331,  35.3022,  0.3762,  41.7525,  2.7162,  1.3785,  -2.8378,  -4.0201,  19.1955,  -9.8739,  -2.4600,  -3.0598,  -0.0949,  -31.0408,  13.4026,  399.4744,  18.7231,  9.4218,  -11.5220,  9.2791,  -12.7153,  -9.0474,  1.1954,  0.2720,  -0.1630],  
 [0.5853,  0.1070,  -0.0965,  -0.0214,  -0.0020,  -0.0153,  -0.1164,  0.3147,  2.7162,  0.1738,  0.0635,  -0.1286,  0.3093,  0.0208,  0.9611,  0.0411,  -0.0050,  0.0110,  -3.5437,  -0.5162,  18.7231,  1.2903,  0.3591,  -0.3789,  0.1616,  -0.0602,  -0.1197,  0.0508,  0.0037,  -0.0207],  
 [1.3253,  0.9829,  0.4290,  0.0111,  -0.0292,  -0.0132,  5.4636,  1.1650,  1.3785,  0.0635,  0.1379,  -0.2618,  -0.0133,  1.4507,  -1.1913,  -0.1174,  -0.3569,  0.0104,  3.1021,  2.5204,  9.4218,  0.3591,  0.5724,  -0.3897,  0.1230,  0.2697,  0.0847,  0.0348,  -0.0108,  0.0024],  
 [-1.9619,  -3.6952,  -1.3598,  0.0298,  0.0279,  0.0581,  -9.7046,  -2.6160,  -2.8378,  -0.1286,  -0.2618,  0.4994,  1.2687,  -3.8779,  1.8334,  0.2644,  0.6527,  0.0074,  -22.1212,  -9.8851,  -11.5220,  -0.3789,  -0.3897,  2.0177,  -1.6463,  1.5983,  0.3330,  -0.1254,  -0.0044,  -0.0245],  
 [30.2626,  17.1125,  0.2589,  0.0299,  0.0220,  -0.4710,  -58.7718,  1.8298,  -8.6914,  -0.5853,  -1.3253,  1.9619,  -6.8806,  -4.7613,  -6.2545,  0.0123,  1.1867,  -0.9547,  2.6930,  15.7434,  9.2791,  0.1616,  0.1230,  -1.6463,  79.9623,  -5.4614,  -2.5887,  0.3079,  -0.0251,  1.2452],  
 [-17.1125,  7.8330,  -5.7819,  -0.0318,  -0.1665,  -0.0361,  59.7645,  11.2290,  13.9582,  0.1070,  0.9829,  -3.6952,  2.1020,  4.0711,  -8.9020,  1.2054,  -1.9525,  -0.2200,  7.3698,  -11.4616,  -12.7153,  -0.0602,  0.2697,  1.5983,  -5.4614,  74.1853,  -3.5494,  -0.0978,  -0.2621,  -0.3696],  
 [-0.2589,  -5.7819,  33.4030,  0.2571,  -0.4826,  0.9345,  11.2808,  4.8302,  -5.2687,  -0.0965,  0.4290,  -1.3598,  1.8237,  6.1137,  -1.9363,  1.5744,  0.3505,  0.0099,  -2.2665,  -0.3060,  -9.0474,  -0.1197,  0.0847,  0.3330,  -2.5887,  -3.5494,  60.9538,  -0.3786,  -0.1518,  1.0394],  
 [0.0299,  0.0318,  -0.2571,  0.0020,  0.0012,  -0.0075,  -0.5016,  0.5380,  0.0423,  0.0214,  -0.0111,  -0.0298,  0.1194,  0.1200,  0.7971,  -0.0123,  0.0123,  0.0014,  1.0459,  0.6622,  1.1954,  0.0508,  0.0348,  -0.1254,  0.3079,  -0.0978,  -0.3786,  0.2439,  0.0072,  -0.0049],  
 [-0.0220,  -0.1665,  -0.4826,  -0.0012,  0.0286,  -0.0132,  -0.6450,  0.1089,  -0.1471,  -0.0020,  -0.0292,  0.0279,  0.0360,  -0.0027,  0.0170,  0.0131,  0.0098,  -0.0022,  -0.1899,  0.2534,  0.2720,  0.0037,  -0.0108,  -0.0044,  -0.0251,  -0.2621,  -0.1518,  0.0072,  0.0736,  -0.0085],  
 [0.4710,  -0.0361,  0.9345,  0.0075,  -0.0132,  0.1260,  -0.3447,  -0.0034,  -0.5331,  -0.0153,  -0.0132,  0.0581,  -0.6384,  -0.5467,  0.1027,  0.0141,  -0.0089,  -0.0287,  0.3138,  0.4692,  -0.1630,  -0.0207,  0.0024,  -0.0245,  1.2452,  -0.3696,  1.0394,  -0.0049,  -0.0085,  0.2350]]
