,tilt.tilt,tilt.roll,tilt.twist,tilt.shift,tilt.slide,tilt.rise,roll.tilt,roll.roll,roll.twist,roll.shift,roll.slide,roll.rise,twist.tilt,twist.roll,twist.twist,twist.shift,twist.slide,twist.rise,shift.tilt,shift.roll,shift.twist,shift.shift,shift.slide,shift.rise,slide.tilt,slide.roll,slide.twist,slide.shift,slide.slide,slide.rise,rise.tilt,rise.roll,rise.twist,rise.shift,rise.slide,rise.rise
AAAA,0.139911,-0.002673,-0.009579,-0.184301,0.133926,-0.146739,-0.002673,0.059811,0.025117,0.039905,-0.240658,0.044165,-0.009579,0.025117,0.084733,0.014765,-0.216163,-0.195165,-0.184301,0.039905,0.014765,6.839656,-0.497819,-0.151031,0.133926,-0.240658,-0.216163,-0.497819,6.473441,0.138901,-0.146739,0.044165,-0.195165,-0.151031,0.138901,31.468573
AAAC,0.096555,-0.00098,0.01051,-0.137706,0.09321,-0.134061,-0.00098,0.059368,0.034277,-0.005134,-0.22613,0.052288,0.01051,0.034277,0.110941,-0.047869,-0.230318,-0.391823,-0.137706,-0.005134,-0.047869,5.547652,-0.465142,1.840133,0.09321,-0.22613,-0.230318,-0.465142,7.799179,2.870244,-0.134061,0.052288,-0.391823,1.840133,2.870244,29.850444
AAAG,0.14308,-0.014204,0.018183,-0.023548,0.094972,0.046793,-0.014204,0.062246,0.030568,-0.001281,-0.148896,-0.17804,0.018183,0.030568,0.139511,-0.018646,-0.501502,-0.697182,-0.023548,-0.001281,-0.018646,7.349252,1.083007,-0.862403,0.094972,-0.148896,-0.501502,1.083007,11.035254,4.97877,0.046793,-0.17804,-0.697182,-0.862403,4.97877,40.629859
AAAT,0.141522,-0.007319,-0.010729,-0.131465,-0.060477,-0.278969,-0.007319,0.09383,0.042101,-0.014671,-0.225908,-0.428869,-0.010729,0.042101,0.172533,0.0652,-0.41885,-0.496882,-0.131465,-0.014671,0.0652,10.535039,0.139868,-1.894827,-0.060477,-0.225908,-0.41885,0.139868,13.276843,1.63855,-0.278969,-0.428869,-0.496882,-1.894827,1.63855,51.528372
AACA,0.102822,0.01428,0.001379,-0.125077,0.059535,0.103068,0.01428,0.091164,0.027105,0.046171,0.066287,0.370085,0.001379,0.027105,0.086256,0.033913,-0.208899,-0.574914,-0.125077,0.046171,0.033913,3.527628,0.578669,-0.942679,0.059535,0.066287,-0.208899,0.578669,7.955017,3.809826,0.103068,0.370085,-0.574914,-0.942679,3.809826,34.892058
AACC,0.084649,-0.004389,0.006401,-0.051352,0.043778,-0.010299,-0.004389,0.102422,0.021964,-0.055249,0.000271,0.370191,0.006401,0.021964,0.112103,0.024096,-0.314431,-0.521816,-0.051352,-0.055249,0.024096,2.861143,-0.134425,-0.746197,0.043778,0.000271,-0.314431,-0.134425,5.036503,2.170569,-0.010299,0.370191,-0.521816,-0.746197,2.170569,24.502009
AACG,0.096646,-0.003927,-0.006705,-0.166441,0.069421,-0.0249,-0.003927,0.070238,0.019347,0.031999,0.068182,0.63968,-0.006705,0.019347,0.08941,0.03764,-0.211642,0.096673,-0.166441,0.031999,0.03764,4.542471,0.23197,0.647288,0.069421,0.068182,-0.211642,0.23197,6.304034,4.74225,-0.0249,0.63968,0.096673,0.647288,4.74225,30.668385
AACT,0.113296,-0.000151,0.001492,-0.151828,0.046951,-0.017328,-0.000151,0.096402,0.015738,0.005741,-0.010767,0.659622,0.001492,0.015738,0.106698,-0.035999,-0.418211,-0.489501,-0.151828,0.005741,-0.035999,3.347937,0.991465,0.70606,0.046951,-0.010767,-0.418211,0.991465,11.932772,5.154201,-0.017328,0.659622,-0.489501,0.70606,5.154201,32.853195
AAGA,0.116457,0.001971,-0.00659,-0.238819,0.044398,0.134229,0.001971,0.078433,0.016078,0.055238,-0.062625,-0.012403,-0.00659,0.016078,0.096951,0.077082,-0.098427,-0.499441,-0.238819,0.055238,0.077082,3.862335,0.692701,0.449346,0.044398,-0.062625,-0.098427,0.692701,6.905483,3.977406,0.134229,-0.012403,-0.499441,0.449346,3.977406,30.064585
AAGC,0.076005,-0.01126,-0.003215,-0.222554,-0.073334,0.11679,-0.01126,0.080686,0.014515,-0.051087,-0.013752,-0.158806,-0.003215,0.014515,0.07993,-0.011739,-0.19377,-0.669794,-0.222554,-0.051087,-0.011739,3.288877,-0.146081,0.733259,-0.073334,-0.013752,-0.19377,-0.146081,5.943958,4.306261,0.11679,-0.158806,-0.669794,0.733259,4.306261,35.580476
AAGG,0.137811,-0.002394,0.029733,-0.022473,-0.054118,-0.052364,-0.002394,0.061139,0.024448,0.046277,0.113233,-0.076192,0.029733,0.024448,0.121457,0.085533,-0.143653,-0.654088,-0.022473,0.046277,0.085533,4.392372,0.053577,-0.828607,-0.054118,0.113233,-0.143653,0.053577,4.640998,3.565931,-0.052364,-0.076192,-0.654088,-0.828607,3.565931,28.834225
AAGT,0.072574,-0.002495,-0.00611,-0.001831,-0.001694,-0.032654,-0.002495,0.046158,-0.001279,0.014044,-0.139284,-0.016407,-0.00611,-0.001279,0.066621,-0.101214,-0.14696,-0.243016,-0.001831,0.014044,-0.101214,4.700705,-0.079185,0.156824,-0.001694,-0.139284,-0.14696,-0.079185,7.160174,3.260985,-0.032654,-0.016407,-0.243016,0.156824,3.260985,21.990133
AATA,0.153675,-0.000582,-0.002546,-0.061092,-0.004678,0.01971,-0.000582,0.075957,0.018414,0.018271,0.058336,0.49535,-0.002546,0.018414,0.082747,0.001853,-0.182753,-0.15174,-0.061092,0.018271,0.001853,3.832356,-0.084917,0.090754,-0.004678,0.058336,-0.182753,-0.084917,9.462028,5.551294,0.01971,0.49535,-0.15174,0.090754,5.551294,44.090131
AATC,0.194239,-0.002488,0.003525,-0.296919,-0.113572,-0.115224,-0.002488,0.08332,0.03058,0.016226,-0.040013,0.519851,0.003525,0.03058,0.116493,-0.047767,-0.296049,-0.521976,-0.296919,0.016226,-0.047767,5.7438,0.202053,0.72247,-0.113572,-0.040013,-0.296049,0.202053,15.298555,7.544126,-0.115224,0.519851,-0.521976,0.72247,7.544126,48.517649
AATG,0.124857,-0.006257,-0.004411,-0.040692,0.074587,0.073627,-0.006257,0.092143,0.022034,0.03601,-0.362565,0.078322,-0.004411,0.022034,0.113884,-0.022551,-0.282291,-0.488796,-0.040692,0.03601,-0.022551,4.615717,-0.065561,-0.537652,0.074587,-0.362565,-0.282291,-0.065561,8.617275,1.534324,0.073627,0.078322,-0.488796,-0.537652,1.534324,36.822656
AATT,0.137389,0.0,0.0,-0.163354,0.0,0.0,0.0,0.131638,0.007581,0.0,-0.057319,0.400448,0.0,0.007581,0.124588,0.0,-0.362897,-0.685724,-0.163354,0.0,0.0,7.440602,0.0,0.0,0.0,-0.057319,-0.362897,0.0,14.532874,7.182987,0.0,0.400448,-0.685724,0.0,7.182987,39.800539
ACAA,0.092854,5.8e-05,0.007513,-0.112854,-0.00337,-0.190871,5.8e-05,0.039482,0.010784,0.030982,0.016423,-0.19973,0.007513,0.010784,0.048414,0.005071,-0.11301,-0.236076,-0.112854,0.030982,0.005071,3.297096,-0.191117,0.46276,-0.00337,0.016423,-0.11301,-0.191117,2.142089,1.349936,-0.190871,-0.19973,-0.236076,0.46276,1.349936,16.750682
ACAC,0.077598,-0.003947,-0.000823,-0.111225,0.025787,0.041421,-0.003947,0.049915,0.023637,0.007942,0.018699,-0.195998,-0.000823,0.023637,0.068415,-0.027383,-0.111408,-0.3237,-0.111225,0.007942,-0.027383,2.818692,0.199678,-0.034504,0.025787,0.018699,-0.111408,0.199678,2.572126,0.236458,0.041421,-0.195998,-0.3237,-0.034504,0.236458,15.778224
ACAG,0.05632,0.003153,0.001158,-0.068571,-0.011601,-0.015558,0.003153,0.053812,0.022383,0.005687,0.006464,-0.279642,0.001158,0.022383,0.087261,-0.028794,-0.120587,-0.2593,-0.068571,0.005687,-0.028794,3.155096,-0.089663,0.733781,-0.011601,0.006464,-0.120587,-0.089663,2.580891,0.943797,-0.015558,-0.279642,-0.2593,0.733781,0.943797,16.90672
ACAT,0.081538,0.005375,0.00376,-0.140972,0.008226,-0.188906,0.005375,0.042317,0.014949,-0.027166,-0.035276,-0.218782,0.00376,0.014949,0.059943,-0.065075,-0.113124,-0.138701,-0.140972,-0.027166,-0.065075,4.233245,0.37098,0.008661,0.008226,-0.035276,-0.113124,0.37098,2.5393,0.632102,-0.188906,-0.218782,-0.138701,0.008661,0.632102,16.581411
ACCA,0.067689,0.010118,-0.001585,-0.10659,-0.030516,-0.022793,0.010118,0.07381,0.034364,-0.011443,0.033934,-0.05941,-0.001585,0.034364,0.09379,0.039321,-0.19412,-0.415673,-0.10659,-0.011443,0.039321,4.518235,0.745929,-0.567239,-0.030516,0.033934,-0.19412,0.745929,4.583749,2.412781,-0.022793,-0.05941,-0.415673,-0.567239,2.412781,25.70187
ACCC,0.073921,-0.00486,-0.005988,-0.183812,-0.040494,0.152661,-0.00486,0.053322,0.013854,0.056045,0.06159,0.123066,-0.005988,0.013854,0.058774,0.053009,-0.099725,-0.322518,-0.183812,0.056045,0.053009,2.856322,-0.601048,-1.481969,-0.040494,0.06159,-0.099725,-0.601048,2.464691,2.586263,0.152661,0.123066,-0.322518,-1.481969,2.586263,18.986311
ACCG,0.045768,-0.010703,0.002131,-0.080446,0.01938,0.05399,-0.010703,0.05006,0.016183,0.02049,0.05823,-0.158083,0.002131,0.016183,0.052022,-0.030978,-0.168528,-0.361281,-0.080446,0.02049,-0.030978,2.141425,0.267819,0.124065,0.01938,0.05823,-0.168528,0.267819,4.15821,3.457986,0.05399,-0.158083,-0.361281,0.124065,3.457986,18.571053
ACCT,0.105644,0.006095,0.002533,-0.199018,-0.022294,0.194996,0.006095,0.059574,0.007036,-0.046321,-0.110727,-0.095681,0.002533,0.007036,0.061253,0.048345,-0.228693,-0.274201,-0.199018,-0.046321,0.048345,4.16654,0.007806,-1.366766,-0.022294,-0.110727,-0.228693,0.007806,4.408717,4.611546,0.194996,-0.095681,-0.274201,-1.366766,4.611546,22.620898
ACGA,0.054259,-0.000155,-0.001926,-0.133737,0.027181,-0.014501,-0.000155,0.051143,0.016251,-0.003033,-0.033541,-0.188227,-0.001926,0.016251,0.06419,-0.007499,-0.069274,-0.232013,-0.133737,-0.003033,-0.007499,3.980503,0.063383,-0.202186,0.027181,-0.033541,-0.069274,0.063383,5.261058,-0.599054,-0.014501,-0.188227,-0.232013,-0.202186,-0.599054,16.652162
ACGC,0.073484,-0.007033,0.000753,-0.31975,-0.083557,0.077634,-0.007033,0.048718,0.031007,-0.005488,-0.109151,-0.340442,0.000753,0.031007,0.123507,-0.00356,-0.313645,-0.606363,-0.31975,-0.005488,-0.00356,3.801436,0.257817,0.429706,-0.083557,-0.109151,-0.313645,0.257817,4.99789,3.308367,0.077634,-0.340442,-0.606363,0.429706,3.308367,16.769175
ACGG,0.045383,0.002557,-0.001227,-0.073033,-0.018548,-0.030328,0.002557,0.062098,0.048822,0.033355,-0.204516,-0.100385,-0.001227,0.048822,0.084164,0.048742,-0.22958,-0.177269,-0.073033,0.033355,0.048742,4.412225,-0.903364,1.179863,-0.018548,-0.204516,-0.22958,-0.903364,8.98132,-1.369477,-0.030328,-0.100385,-0.177269,1.179863,-1.369477,22.659724
ACGT,0.051914,0.0,0.0,-0.160419,0.0,0.0,0.0,0.045912,0.016992,0.0,0.047462,-0.315264,0.0,0.016992,0.063205,0.0,-0.096078,-0.225553,-0.160419,0.0,0.0,5.558236,0.0,0.0,0.0,0.047462,-0.096078,0.0,2.827187,1.653553,0.0,-0.315264,-0.225553,0.0,1.653553,15.57536
ACTA,0.054866,-0.007136,-0.005539,-0.041671,0.101792,0.100041,-0.007136,0.054464,0.017106,-0.015965,-0.033768,-0.198346,-0.005539,0.017106,0.069537,0.064723,-0.174842,-0.149141,-0.041671,-0.015965,0.064723,2.692,-0.018395,-0.76284,0.101792,-0.033768,-0.174842,-0.018395,4.644966,3.408875,0.100041,-0.198346,-0.149141,-0.76284,3.408875,21.83735
ACTC,0.063319,-0.016609,-0.010531,-0.041745,0.101842,0.029592,-0.016609,0.064995,0.017824,0.050461,0.08144,0.115747,-0.010531,0.017824,0.094439,0.09062,-0.194277,-0.254013,-0.041745,0.050461,0.09062,3.373112,-0.453356,0.034753,0.101842,0.08144,-0.194277,-0.453356,4.282985,1.412651,0.029592,0.115747,-0.254013,0.034753,1.412651,29.869351
ACTG,0.073291,-0.012884,0.00868,-0.008061,0.115995,0.034924,-0.012884,0.087528,0.021562,0.049545,-0.14781,-0.01602,0.00868,0.021562,0.085546,-0.02333,-0.275979,-0.619025,-0.008061,0.049545,-0.02333,3.733171,-0.021296,0.120931,0.115995,-0.14781,-0.275979,-0.021296,7.197498,1.352791,0.034924,-0.01602,-0.619025,0.120931,1.352791,29.464118
ACTT,0.072574,0.002495,0.00611,-0.001831,0.001694,0.032654,0.002495,0.046158,-0.001279,-0.014044,-0.139284,-0.016407,0.00611,-0.001279,0.066621,0.101214,-0.14696,-0.243016,-0.001831,-0.014044,0.101214,4.700705,0.079185,-0.156824,0.001694,-0.139284,-0.14696,0.079185,7.160174,3.260985,0.032654,-0.016407,-0.243016,-0.156824,3.260985,21.990133
AGAA,0.14444,0.002657,0.000137,-0.125229,-0.033353,-0.151769,0.002657,0.074939,0.022651,-0.048311,0.037756,0.220688,0.000137,0.022651,0.078613,-0.129174,-0.046956,-0.314805,-0.125229,-0.048311,-0.129174,3.714865,-0.233431,0.77291,-0.033353,0.037756,-0.046956,-0.233431,5.184127,2.046072,-0.151769,0.220688,-0.314805,0.77291,2.046072,29.67659
AGAC,0.094232,0.005625,-0.002414,-0.348608,0.026173,0.035858,0.005625,0.059456,0.015691,0.060577,-0.01785,-0.044249,-0.002414,0.015691,0.077598,0.024679,-0.098072,-0.173894,-0.348608,0.060577,0.024679,4.082626,0.01815,0.311225,0.026173,-0.01785,-0.098072,0.01815,3.845606,0.303038,0.035858,-0.044249,-0.173894,0.311225,0.303038,31.618184
AGAG,0.101704,0.003778,-0.006813,-0.309724,0.046264,0.314502,0.003778,0.069464,0.021666,-0.041093,0.121782,-0.114097,-0.006813,0.021666,0.087978,-0.033487,-0.151915,-0.057659,-0.309724,-0.041093,-0.033487,3.697263,-0.572792,-1.476598,0.046264,0.121782,-0.151915,-0.572792,3.300937,2.821727,0.314502,-0.114097,-0.057659,-1.476598,2.821727,26.189793
AGAT,0.117858,0.018737,0.008269,-0.127745,0.032059,0.092091,0.018737,0.072035,0.007601,-0.045111,-0.080442,-0.39931,0.008269,0.007601,0.066632,-0.031768,-0.095043,-0.188774,-0.127745,-0.045111,-0.031768,7.733076,0.071433,0.86209,0.032059,-0.080442,-0.095043,0.071433,8.56892,1.082925,0.092091,-0.39931,-0.188774,0.86209,1.082925,28.785972
AGCA,0.081775,-0.00109,0.003739,-0.135404,0.060754,0.239476,-0.00109,0.07549,0.014381,0.036341,0.169913,0.358952,0.003739,0.014381,0.09342,-0.014905,-0.199926,-0.581705,-0.135404,0.036341,-0.014905,2.640702,-0.182696,-0.888551,0.060754,0.169913,-0.199926,-0.182696,6.667681,5.00455,0.239476,0.358952,-0.581705,-0.888551,5.00455,28.633991
AGCC,0.082637,-0.007892,0.000254,-0.190534,-0.045861,0.06689,-0.007892,0.091927,0.002833,0.044699,0.20418,0.331156,0.000254,0.002833,0.092276,0.007473,-0.199592,-0.338952,-0.190534,0.044699,0.007473,2.579956,0.256166,-0.247514,-0.045861,0.20418,-0.199592,0.256166,7.086796,6.319239,0.06689,0.331156,-0.338952,-0.247514,6.319239,37.125031
AGCG,0.084536,0.0029,0.004567,-0.299404,-0.050001,-0.004877,0.0029,0.125478,0.019633,-0.022809,0.220479,0.304535,0.004567,0.019633,0.13627,0.007838,-0.433417,-0.663401,-0.299404,-0.022809,0.007838,4.312902,0.159346,-0.086171,-0.050001,0.220479,-0.433417,0.159346,8.881873,7.382202,-0.004877,0.304535,-0.663401,-0.086171,7.382202,35.21702
AGCT,0.098765,0.0,0.0,-0.200116,0.0,0.0,0.0,0.104663,0.002324,0.0,0.373416,0.695601,0.0,0.002324,0.124722,0.0,-0.354575,-0.689666,-0.200116,0.0,0.0,5.423035,0.0,0.0,0.0,0.373416,-0.354575,0.0,7.913049,5.775771,0.0,0.695601,-0.689666,0.0,5.775771,33.952145
AGGA,0.100536,-0.00288,-0.008533,-0.258679,0.099684,0.024397,-0.00288,0.066786,0.02158,-0.028354,-0.02054,-0.050774,-0.008533,0.02158,0.105047,-0.004315,-0.309779,-0.499202,-0.258679,-0.028354,-0.004315,3.522633,-0.478429,0.136323,0.099684,-0.02054,-0.309779,-0.478429,5.45899,5.876397,0.024397,-0.050774,-0.499202,0.136323,5.876397,30.818228
AGGC,0.079677,-0.006945,0.000873,-0.209593,0.025558,-0.129606,-0.006945,0.061455,0.022703,0.005034,0.039797,-0.075594,0.000873,0.022703,0.079179,-0.008748,-0.162471,-0.392798,-0.209593,0.005034,-0.008748,3.10351,-0.083141,0.802403,0.025558,0.039797,-0.162471,-0.083141,3.343747,1.961212,-0.129606,-0.075594,-0.392798,0.802403,1.961212,21.578032
AGGG,0.120067,0.002312,0.011526,-0.291241,-0.032515,-0.004174,0.002312,0.056705,0.007716,0.015261,0.07883,0.023254,0.011526,0.007716,0.088452,-0.091636,-0.240691,-0.365374,-0.291241,0.015261,-0.091636,2.86151,0.431705,0.552687,-0.032515,0.07883,-0.240691,0.431705,2.957457,2.486559,-0.004174,0.023254,-0.365374,0.552687,2.486559,21.333405
AGGT,0.105644,-0.006095,-0.002533,-0.199018,0.022294,-0.194996,-0.006095,0.059574,0.007036,0.046321,-0.110727,-0.095681,-0.002533,0.007036,0.061253,-0.048345,-0.228693,-0.274201,-0.199018,0.046321,-0.048345,4.16654,-0.007806,1.366766,0.022294,-0.110727,-0.228693,-0.007806,4.408717,4.611546,-0.194996,-0.095681,-0.274201,1.366766,4.611546,22.620898
AGTA,0.095601,0.004491,-0.011401,-0.106181,0.034295,0.006589,0.004491,0.061269,0.013676,-0.030749,0.00227,0.493628,-0.011401,0.013676,0.091295,0.009887,-0.251898,-0.203784,-0.106181,-0.030749,0.009887,2.495663,0.29888,1.377427,0.034295,0.00227,-0.251898,0.29888,7.769563,2.893349,0.006589,0.493628,-0.203784,1.377427,2.893349,25.340665
AGTC,0.134291,0.020231,-0.009288,-0.016306,0.161327,0.529349,0.020231,0.108026,0.008591,-0.156584,0.210719,0.890761,-0.009288,0.008591,0.110408,-0.081887,-0.467885,-0.711335,-0.016306,-0.156584,-0.081887,2.815279,-0.009454,-0.043396,0.161327,0.210719,-0.467885,-0.009454,12.027057,10.609392,0.529349,0.890761,-0.711335,-0.043396,10.609392,55.597299
AGTG,0.099752,0.007237,0.000379,-0.06454,0.168995,0.313448,0.007237,0.10907,0.017241,0.05616,-0.108106,0.523153,0.000379,0.017241,0.072391,0.021186,-0.266885,-0.344553,-0.06454,0.05616,0.021186,2.139263,-0.408904,-0.519021,0.168995,-0.108106,-0.266885,-0.408904,11.408449,6.906276,0.313448,0.523153,-0.344553,-0.519021,6.906276,40.101094
AGTT,0.113296,0.000151,-0.001492,-0.151828,-0.046951,0.017328,0.000151,0.096402,0.015738,-0.005741,-0.010767,0.659622,-0.001492,0.015738,0.106698,0.035999,-0.418211,-0.489501,-0.151828,-0.005741,0.035999,3.347937,-0.991465,-0.70606,-0.046951,-0.010767,-0.418211,-0.991465,11.932772,5.154201,0.017328,0.659622,-0.489501,-0.70606,5.154201,32.853195
ATAA,0.077464,0.000415,0.003776,-0.111449,-0.001818,-0.014808,0.000415,0.040567,0.023583,-0.002474,0.015875,0.040336,0.003776,0.023583,0.046869,-0.008059,-0.062482,-0.434455,-0.111449,-0.002474,-0.008059,3.33406,0.010404,0.038667,-0.001818,0.015875,-0.062482,0.010404,1.521138,2.412742,-0.014808,0.040336,-0.434455,0.038667,2.412742,32.143987
ATAC,0.061685,-0.001014,-0.002296,-0.039831,-0.012093,-0.034274,-0.001014,0.062088,0.016652,-0.003763,0.120117,-0.109459,-0.002296,0.016652,0.063963,-0.025517,-0.144793,-0.214579,-0.039831,-0.003763,-0.025517,2.834052,-0.061231,0.650938,-0.012093,0.120117,-0.144793,-0.061231,2.761462,0.911908,-0.034274,-0.109459,-0.214579,0.650938,0.911908,20.503922
ATAG,0.097701,0.008363,0.014966,-0.04554,-0.073803,-0.010709,0.008363,0.039306,0.022506,-0.026609,0.01498,0.062083,0.014966,0.022506,0.061744,-0.004924,-0.202843,-0.266154,-0.04554,-0.026609,-0.004924,3.20778,-0.061462,0.797236,-0.073803,0.01498,-0.202843,-0.061462,2.437709,1.259476,-0.010709,0.062083,-0.266154,0.797236,1.259476,18.802565
ATAT,0.074264,0.0,0.0,-0.067319,0.0,0.0,0.0,0.041801,0.026328,0.0,-0.07125,0.087404,0.0,0.026328,0.07729,0.0,-0.257067,-0.39067,-0.067319,0.0,0.0,4.196674,0.0,0.0,0.0,-0.07125,-0.257067,0.0,4.428226,0.759924,0.0,0.087404,-0.39067,0.0,0.759924,16.949605
ATCA,0.106358,-0.009561,0.005956,-0.555119,0.093628,-0.355612,-0.009561,0.111086,0.055584,0.181134,-0.126078,0.481232,0.005956,0.055584,0.14238,-0.033514,-0.161676,-0.421615,-0.555119,0.181134,-0.033514,9.851515,0.995785,2.585522,0.093628,-0.126078,-0.161676,0.995785,12.763578,1.900475,-0.355612,0.481232,-0.421615,2.585522,1.900475,41.558764
ATCC,0.110209,-0.012459,-0.003431,-0.162243,0.090404,-0.252098,-0.012459,0.062447,0.01606,0.045291,-0.082525,0.144838,-0.003431,0.01606,0.076386,-0.033606,-0.131075,-0.520666,-0.162243,0.045291,-0.033606,4.733197,-0.105772,1.170383,0.090404,-0.082525,-0.131075,-0.105772,8.088594,1.30339,-0.252098,0.144838,-0.520666,1.170383,1.30339,25.257063
ATCG,0.084924,-0.008715,-0.004137,-0.302218,-0.040411,0.059655,-0.008715,0.072056,0.019806,0.005616,-0.074741,0.11279,-0.004137,0.019806,0.059799,-0.021761,-0.074088,-0.333323,-0.302218,0.005616,-0.021761,4.559651,0.323042,1.145279,-0.040411,-0.074741,-0.074088,0.323042,4.163395,1.278716,0.059655,0.11279,-0.333323,1.145279,1.278716,24.748402
ATCT,0.117858,-0.018737,-0.008269,-0.127745,-0.032059,-0.092091,-0.018737,0.072035,0.007601,0.045111,-0.080442,-0.39931,-0.008269,0.007601,0.066632,0.031768,-0.095043,-0.188774,-0.127745,0.045111,0.031768,7.733076,-0.071433,-0.86209,-0.032059,-0.080442,-0.095043,-0.071433,8.56892,1.082925,-0.092091,-0.39931,-0.188774,-0.86209,1.082925,28.785972
ATGA,0.058381,0.004014,-0.013483,-0.078662,-0.061938,0.118332,0.004014,0.07441,0.023638,-0.025573,-0.024987,-0.344335,-0.013483,0.023638,0.083661,0.003131,-0.217461,-0.503896,-0.078662,-0.025573,0.003131,2.163393,-0.046145,-0.985239,-0.061938,-0.024987,-0.217461,-0.046145,2.063838,2.313375,0.118332,-0.344335,-0.503896,-0.985239,2.313375,26.224934
ATGC,0.172151,-0.010977,0.007349,-0.333146,0.10603,-0.010558,-0.010977,0.082751,0.035652,0.09808,0.207234,-0.325017,0.007349,0.035652,0.151862,0.122259,-0.09053,-0.221129,-0.333146,0.09808,0.122259,6.769613,-1.756212,-0.912127,0.10603,0.207234,-0.09053,-1.756212,8.504643,0.057766,-0.010558,-0.325017,-0.221129,-0.912127,0.057766,39.446333
ATGG,0.087991,0.002901,0.009782,-0.227853,-0.026094,-0.136113,0.002901,0.062053,0.038246,-0.049598,-0.102713,-0.291772,0.009782,0.038246,0.101865,-0.145341,-0.212826,-0.586725,-0.227853,-0.049598,-0.145341,4.166948,1.041202,1.666004,-0.026094,-0.102713,-0.212826,1.041202,1.907192,2.562144,-0.136113,-0.291772,-0.586725,1.666004,2.562144,20.703794
ATGT,0.081538,-0.005375,-0.00376,-0.140972,-0.008226,0.188906,-0.005375,0.042317,0.014949,0.027166,-0.035276,-0.218782,-0.00376,0.014949,0.059943,0.065075,-0.113124,-0.138701,-0.140972,0.027166,0.065075,4.233245,-0.37098,-0.008661,-0.008226,-0.035276,-0.113124,-0.37098,2.5393,0.632102,0.188906,-0.218782,-0.138701,-0.008661,0.632102,16.581411
ATTA,0.102554,-7e-05,0.010185,-0.126334,-0.042009,-0.086913,-7e-05,0.032793,0.009782,-0.086788,-0.135373,0.040214,0.010185,0.009782,0.101235,-0.103928,-0.244931,-0.463809,-0.126334,-0.086788,-0.103928,5.08113,0.656643,-0.833216,-0.042009,-0.135373,-0.244931,0.656643,9.690886,2.463881,-0.086913,0.040214,-0.463809,-0.833216,2.463881,31.047039
ATTC,0.108119,-0.001509,-0.020159,-0.172441,0.027608,0.125046,-0.001509,0.049484,0.025156,0.061197,-0.001353,-0.066874,-0.020159,0.025156,0.088463,0.00651,-0.219064,-0.042445,-0.172441,0.061197,0.00651,6.320484,-0.142591,-1.055765,0.027608,-0.001353,-0.219064,-0.142591,7.817699,2.482157,0.125046,-0.066874,-0.042445,-1.055765,2.482157,42.998858
ATTG,0.095978,0.010241,0.005886,-0.215471,-0.047234,0.11662,0.010241,0.081314,0.03124,0.045477,-0.27797,-0.003988,0.005886,0.03124,0.095114,0.10128,-0.243276,-0.046189,-0.215471,0.045477,0.10128,4.663008,-0.404768,-0.342686,-0.047234,-0.27797,-0.243276,-0.404768,6.916656,0.76754,0.11662,-0.003988,-0.046189,-0.342686,0.76754,23.734245
ATTT,0.141522,0.007319,0.010729,-0.131465,0.060477,0.278969,0.007319,0.09383,0.042101,0.014671,-0.225908,-0.428869,0.010729,0.042101,0.172533,-0.0652,-0.41885,-0.496882,-0.131465,0.014671,-0.0652,10.535039,-0.139868,1.894827,0.060477,-0.225908,-0.41885,-0.139868,13.276843,1.63855,0.278969,-0.428869,-0.496882,1.894827,1.63855,51.528372
CAAA,0.149549,-0.011691,-0.00825,-0.274946,0.089096,0.047289,-0.011691,0.065121,0.025319,0.06547,-0.173857,0.157958,-0.00825,0.025319,0.093398,0.050871,-0.223604,-0.288598,-0.274946,0.06547,0.050871,4.661477,-0.025818,-0.515695,0.089096,-0.173857,-0.223604,-0.025818,7.471244,0.139414,0.047289,0.157958,-0.288598,-0.515695,0.139414,36.618577
CAAC,0.073916,-0.009989,0.001033,-0.008355,0.017666,0.204861,-0.009989,0.060072,0.026714,-0.100325,-0.090731,-0.056665,0.001033,0.026714,0.089966,-0.054442,-0.052125,-0.211886,-0.008355,-0.100325,-0.054442,4.958442,-0.488541,0.471095,0.017666,-0.090731,-0.052125,-0.488541,6.822843,-1.220517,0.204861,-0.056665,-0.211886,0.471095,-1.220517,21.739416
CAAG,0.081309,-0.002691,-0.007514,-0.187539,-0.031184,0.145664,-0.002691,0.063072,0.020932,-0.043933,-0.220004,-0.054635,-0.007514,0.020932,0.085399,-0.046625,-0.263184,-0.597971,-0.187539,-0.043933,-0.046625,2.991005,-0.461749,-0.970748,-0.031184,-0.220004,-0.263184,-0.461749,6.795687,1.385872,0.145664,-0.054635,-0.597971,-0.970748,1.385872,22.586414
CAAT,0.095978,-0.010241,-0.005886,-0.215471,0.047234,-0.11662,-0.010241,0.081314,0.03124,-0.045477,-0.27797,-0.003988,-0.005886,0.03124,0.095114,-0.10128,-0.243276,-0.046189,-0.215471,-0.045477,-0.10128,4.663008,0.404768,0.342686,0.047234,-0.27797,-0.243276,0.404768,6.916656,0.76754,-0.11662,-0.003988,-0.046189,0.342686,0.76754,23.734245
CACA,0.095932,-0.011444,-0.003297,-0.214857,-0.055605,-0.104976,-0.011444,0.088078,0.014843,0.08397,0.007536,0.438368,-0.003297,0.014843,0.063423,0.004334,-0.097773,-0.269602,-0.214857,0.08397,0.004334,3.272935,0.184901,-0.250216,-0.055605,0.007536,-0.097773,0.184901,5.46354,3.640893,-0.104976,0.438368,-0.269602,-0.250216,3.640893,28.680362
CACC,0.091337,0.015794,0.015482,-0.079783,0.136072,-0.093405,0.015794,0.093756,0.006056,-0.045479,0.042522,0.242222,0.015482,0.006056,0.078149,-0.006294,-0.186825,-0.352437,-0.079783,-0.045479,-0.006294,3.632601,0.242749,-1.538964,0.136072,0.042522,-0.186825,0.242749,7.549895,4.748217,-0.093405,0.242222,-0.352437,-1.538964,4.748217,22.809781
CACG,0.113808,0.003078,-0.008421,-0.200139,-0.13354,-0.202088,0.003078,0.073265,-0.005647,0.000691,0.152474,0.371029,-0.008421,-0.005647,0.090845,0.035454,-0.39421,-0.705288,-0.200139,0.000691,0.035454,4.910466,0.974128,0.357756,-0.13354,0.152474,-0.39421,0.974128,13.526414,7.668144,-0.202088,0.371029,-0.705288,0.357756,7.668144,31.00467
CACT,0.099752,-0.007237,-0.000379,-0.06454,-0.168995,-0.313448,-0.007237,0.10907,0.017241,-0.05616,-0.108106,0.523153,-0.000379,0.017241,0.072391,-0.021186,-0.266885,-0.344553,-0.06454,-0.05616,-0.021186,2.139263,0.408904,0.519021,-0.168995,-0.108106,-0.266885,0.408904,11.408449,6.906276,-0.313448,0.523153,-0.344553,0.519021,6.906276,40.101094
CAGA,0.107395,-0.005357,0.011771,-0.083497,-0.042553,-0.043101,-0.005357,0.062763,0.011333,-0.034826,-0.00887,0.101908,0.011771,0.011333,0.077525,-0.084518,-0.16544,-0.364517,-0.083497,-0.034826,-0.084518,2.615497,0.364578,1.112256,-0.042553,-0.00887,-0.16544,0.364578,5.092456,3.080951,-0.043101,0.101908,-0.364517,1.112256,3.080951,35.571454
CAGC,0.097472,0.002657,0.0126,0.040102,-0.063033,-0.450831,0.002657,0.10966,0.019957,0.010361,-0.037324,0.125186,0.0126,0.019957,0.141836,0.108988,-0.022716,-0.677772,0.040102,0.010361,0.108988,4.452472,0.577593,0.701483,-0.063033,-0.037324,-0.022716,0.577593,8.664266,3.569144,-0.450831,0.125186,-0.677772,0.701483,3.569144,34.880358
CAGG,0.090669,8.6e-05,-0.006881,-0.045302,0.041515,0.025834,8.6e-05,0.059934,0.025711,-0.018937,-0.020722,0.003197,-0.006881,0.025711,0.072498,0.03544,-0.094233,-0.30838,-0.045302,-0.018937,0.03544,3.227996,0.122607,-0.096477,0.041515,-0.020722,-0.094233,0.122607,4.627967,1.743741,0.025834,0.003197,-0.30838,-0.096477,1.743741,25.404446
CAGT,0.073291,0.012884,-0.00868,-0.008061,-0.115995,-0.034924,0.012884,0.087528,0.021562,-0.049545,-0.14781,-0.01602,-0.00868,0.021562,0.085546,0.02333,-0.275979,-0.619025,-0.008061,-0.049545,0.02333,3.733171,0.021296,-0.120931,-0.115995,-0.14781,-0.275979,0.021296,7.197498,1.352791,-0.034924,-0.01602,-0.619025,-0.120931,1.352791,29.464118
CATA,0.117664,0.005109,-0.00333,0.113159,-0.022917,0.017519,0.005109,0.093324,0.015142,-0.008923,0.063439,0.436412,-0.00333,0.015142,0.094388,-0.005757,-0.31521,-0.242637,0.113159,-0.008923,-0.005757,2.500448,0.103126,0.001308,-0.022917,0.063439,-0.31521,0.103126,9.990326,6.010524,0.017519,0.436412,-0.242637,0.001308,6.010524,35.325309
CATC,0.284203,0.004882,-0.004244,-0.635413,-0.002527,-0.088582,0.004882,0.1466,0.078855,0.017993,0.180954,0.403904,-0.004244,0.078855,0.294894,0.075979,-0.190107,-1.154807,-0.635413,0.017993,0.075979,9.516682,0.36291,-0.799145,-0.002527,0.180954,-0.190107,0.36291,45.580494,14.629457,-0.088582,0.403904,-1.154807,-0.799145,14.629457,99.846941
CATG,0.198093,0.0,0.0,-0.12669,0.0,0.0,0.0,0.077995,0.022719,0.0,-0.206601,0.073693,0.0,0.022719,0.100205,0.0,-0.208962,-0.7409,-0.12669,0.0,0.0,4.10436,0.0,0.0,0.0,-0.206601,-0.208962,0.0,14.834396,8.110564,0.0,0.073693,-0.7409,0.0,8.110564,35.85904
CATT,0.125119,0.006288,0.004429,-0.040503,-0.074834,-0.074391,0.006288,0.091767,0.021377,-0.037192,-0.355483,0.046373,0.004429,0.021377,0.113539,0.021365,-0.270675,-0.515402,-0.040503,-0.037192,0.021365,4.615969,0.073107,0.509876,-0.074834,-0.355483,-0.270675,0.073107,8.543948,2.143528,-0.074391,0.046373,-0.515402,0.509876,2.143528,35.723058
CCAA,0.072203,0.008149,-0.003285,-0.156622,0.007228,-0.114775,0.008149,0.045656,0.028682,-0.069503,0.07294,-0.459419,-0.003285,0.028682,0.068167,0.019768,-0.108481,-0.549811,-0.156622,-0.069503,0.019768,2.802386,-0.020186,0.242652,0.007228,0.07294,-0.108481,-0.020186,2.440154,0.844189,-0.114775,-0.459419,-0.549811,0.242652,0.844189,32.260166
CCAC,0.09061,-0.010504,0.002716,-0.223176,-0.091057,0.233479,-0.010504,0.051227,0.018155,0.038759,0.024005,-0.099905,0.002716,0.018155,0.0885,-0.024814,-0.16895,-0.24316,-0.223176,0.038759,-0.024814,3.226285,-0.046601,-0.158351,-0.091057,0.024005,-0.16895,-0.046601,3.417608,1.016595,0.233479,-0.099905,-0.24316,-0.158351,1.016595,21.100377
CCAG,0.085113,0.016618,0.00311,-0.174343,0.007485,0.093181,0.016618,0.06918,0.028595,0.002913,0.096117,-0.025237,0.00311,0.028595,0.072855,0.051951,-0.129736,-0.402146,-0.174343,0.002913,0.051951,2.863345,0.015689,-0.104203,0.007485,0.096117,-0.129736,0.015689,2.06884,0.77998,0.093181,-0.025237,-0.402146,-0.104203,0.77998,17.794315
CCAT,0.087991,-0.002901,-0.009782,-0.227853,0.026094,0.136113,-0.002901,0.062053,0.038246,0.049598,-0.102713,-0.291772,-0.009782,0.038246,0.101865,0.145341,-0.212826,-0.586725,-0.227853,0.049598,0.145341,4.166948,-1.041202,-1.666004,0.026094,-0.102713,-0.212826,-1.041202,1.907192,2.562144,0.136113,-0.291772,-0.586725,-1.666004,2.562144,20.703794
CCCA,0.080408,0.009861,0.002634,-0.247547,-0.049052,0.010425,0.009861,0.085607,0.039502,0.010569,0.088181,0.108663,0.002634,0.039502,0.087387,-0.003726,-0.041071,-0.308151,-0.247547,0.010569,-0.003726,3.477545,0.474121,-0.855388,-0.049052,0.088181,-0.041071,0.474121,2.920694,3.798979,0.010425,0.108663,-0.308151,-0.855388,3.798979,27.353422
CCCC,0.09272,-0.002459,0.011153,-0.280301,-0.004336,-0.01236,-0.002459,0.06045,0.023884,-0.004684,0.057855,-0.037173,0.011153,0.023884,0.084149,-0.031657,-0.198118,-0.384283,-0.280301,-0.004684,-0.031657,2.094641,-0.091875,-0.387808,-0.004336,0.057855,-0.198118,-0.091875,2.603856,2.301949,-0.01236,-0.037173,-0.384283,-0.387808,2.301949,22.863766
CCCG,0.068759,-0.002029,-0.000897,-0.246824,-0.100078,-0.221187,-0.002029,0.081962,0.013089,0.026202,0.01574,0.068027,-0.000897,0.013089,0.072043,-0.025989,-0.106729,-0.349218,-0.246824,0.026202,-0.025989,3.533924,0.239777,1.578369,-0.100078,0.01574,-0.106729,0.239777,3.531196,2.950391,-0.221187,0.068027,-0.349218,1.578369,2.950391,21.075319
CCCT,0.120067,-0.002312,-0.011526,-0.291241,0.032515,0.004174,-0.002312,0.056705,0.007716,-0.015261,0.07883,0.023254,-0.011526,0.007716,0.088452,0.091636,-0.240691,-0.365374,-0.291241,-0.015261,0.091636,2.86151,-0.431705,-0.552687,0.032515,0.07883,-0.240691,-0.431705,2.957457,2.486559,0.004174,0.023254,-0.365374,-0.552687,2.486559,21.333405
CCGA,0.066204,-0.004192,0.000794,-0.278434,0.017376,-0.018598,-0.004192,0.07956,0.023352,0.074972,0.168912,-0.021422,0.000794,0.023352,0.084537,0.062183,-0.0995,-0.589578,-0.278434,0.074972,0.062183,4.658817,-0.16893,-0.563249,0.017376,0.168912,-0.0995,-0.16893,4.035461,-5.605934,-0.018598,-0.021422,-0.589578,-0.563249,-5.605934,39.442684
CCGC,0.048748,-0.000264,-0.000467,-0.159684,0.025138,-0.042185,-0.000264,0.056517,0.033952,-0.001947,0.009546,-0.356222,-0.000467,0.033952,0.068827,-0.002677,-0.072388,-0.350666,-0.159684,-0.001947,-0.002677,4.084191,-0.190276,0.414617,0.025138,0.009546,-0.072388,-0.190276,6.631368,-2.346777,-0.042185,-0.356222,-0.350666,0.414617,-2.346777,17.687723
CCGG,0.069838,0.0,0.0,-0.163796,0.0,0.0,0.0,0.055097,0.020713,0.0,-0.027188,-0.293522,0.0,0.020713,0.06535,0.0,-0.130891,-0.419525,-0.163796,0.0,0.0,2.308942,0.0,0.0,0.0,-0.027188,-0.130891,0.0,2.593177,-1.093263,0.0,-0.293522,-0.419525,0.0,-1.093263,18.764141
CCGT,0.045383,-0.002557,0.001227,-0.073033,0.018548,0.030328,-0.002557,0.062098,0.048822,-0.033355,-0.204516,-0.100385,0.001227,0.048822,0.084164,-0.048742,-0.22958,-0.177269,-0.073033,-0.033355,-0.048742,4.412225,0.903364,-1.179863,0.018548,-0.204516,-0.22958,0.903364,8.98132,-1.369477,0.030328,-0.100385,-0.177269,-1.179863,-1.369477,22.659724
CCTA,0.07111,-0.001618,0.000658,-0.089146,-0.06835,-0.189072,-0.001618,0.052022,0.007296,-0.080173,0.002001,0.029455,0.000658,0.007296,0.06819,0.025228,-0.188417,-0.400141,-0.089146,-0.080173,0.025228,2.360964,-0.079759,0.502962,-0.06835,0.002001,-0.188417,-0.079759,3.100039,1.891951,-0.189072,0.029455,-0.400141,0.502962,1.891951,21.913402
CCTC,0.085799,0.003735,0.002859,-0.038577,-0.121769,-0.136803,0.003735,0.071726,0.025165,0.035801,-0.065715,-0.10119,0.002859,0.025165,0.098194,0.025398,-0.329415,-0.586993,-0.038577,0.035801,0.025398,2.160883,-0.037802,-0.286764,-0.121769,-0.065715,-0.329415,-0.037802,4.412124,3.34271,-0.136803,-0.10119,-0.586993,-0.286764,3.34271,26.025899
CCTG,0.090669,-8.6e-05,0.006881,-0.045302,-0.041515,-0.025834,-8.6e-05,0.059934,0.025711,0.018937,-0.020722,0.003197,0.006881,0.025711,0.072498,-0.03544,-0.094233,-0.30838,-0.045302,0.018937,-0.03544,3.227996,-0.122607,0.096477,-0.041515,-0.020722,-0.094233,-0.122607,4.627967,1.743741,-0.025834,0.003197,-0.30838,0.096477,1.743741,25.404446
CCTT,0.137811,0.002394,-0.029733,-0.022473,0.054118,0.052364,0.002394,0.061139,0.024448,-0.046277,0.113233,-0.076192,-0.029733,0.024448,0.121457,-0.085533,-0.143653,-0.654088,-0.022473,-0.046277,-0.085533,4.392372,-0.053577,0.828607,0.054118,0.113233,-0.143653,-0.053577,4.640998,3.565931,0.052364,-0.076192,-0.654088,0.828607,3.565931,28.834225
CGAA,0.199247,-0.021936,-0.010291,-0.62736,0.106076,0.128274,-0.021936,0.109466,0.045602,0.158818,-0.238779,-0.226785,-0.010291,0.045602,0.117751,0.207402,-0.404153,-0.753108,-0.62736,0.158818,0.207402,7.128959,-2.412922,-4.130994,0.106076,-0.238779,-0.404153,-2.412922,9.472908,7.033232,0.128274,-0.226785,-0.753108,-4.130994,7.033232,52.344784
CGAC,0.138202,-0.010075,-0.018825,-0.619902,0.029582,-0.24806,-0.010075,0.12657,0.023342,0.020714,-0.163245,-0.120091,-0.018825,0.023342,0.107663,0.05172,-0.32412,-0.607205,-0.619902,0.020714,0.05172,7.335221,-0.608817,-0.856017,0.029582,-0.163245,-0.32412,-0.608817,12.49766,7.122937,-0.24806,-0.120091,-0.607205,-0.856017,7.122937,36.408252
CGAG,0.074587,0.004258,-0.000284,-0.255493,0.112996,-0.199967,0.004258,0.061873,0.020324,-0.021814,0.026787,-0.071264,-0.000284,0.020324,0.065052,-0.03932,-0.14459,-0.307741,-0.255493,-0.021814,-0.03932,3.35978,-0.472757,0.041167,0.112996,0.026787,-0.14459,-0.472757,2.905674,2.893411,-0.199967,-0.071264,-0.307741,0.041167,2.893411,21.195461
CGAT,0.084924,0.008715,0.004137,-0.302218,0.040411,-0.059655,0.008715,0.072056,0.019806,-0.005616,-0.074741,0.11279,0.004137,0.019806,0.059799,0.021761,-0.074088,-0.333323,-0.302218,-0.005616,0.021761,4.559651,-0.323042,-1.145279,0.040411,-0.074741,-0.074088,-0.323042,4.163395,1.278716,-0.059655,0.11279,-0.333323,-1.145279,1.278716,24.748402
CGCA,0.157222,0.003806,-0.002035,-0.407476,-0.079141,-0.347071,0.003806,0.268058,0.05727,0.145542,0.696711,0.955593,-0.002035,0.05727,0.256106,-0.018304,-1.090898,-2.226354,-0.407476,0.145542,-0.018304,5.084047,-1.701186,1.977429,-0.079141,0.696711,-1.090898,-1.701186,47.101201,31.609062,-0.347071,0.955593,-2.226354,1.977429,31.609062,74.204349
CGCC,0.116587,0.008106,-0.00868,-0.357089,0.028359,0.037654,0.008106,0.053361,-0.00854,-0.059495,0.240271,0.512499,-0.00868,-0.00854,0.059353,-0.04018,-0.207674,-0.368946,-0.357089,-0.059495,-0.04018,4.283685,0.067957,-1.647211,0.028359,0.240271,-0.207674,0.067957,6.900968,5.282093,0.037654,0.512499,-0.368946,-1.647211,5.282093,33.133323
CGCG,0.07552,0.0,0.0,-0.102618,0.0,0.0,0.0,0.097779,0.028643,0.0,0.004438,0.129744,0.0,0.028643,0.085812,0.0,-0.427361,-0.229293,-0.102618,0.0,0.0,2.645642,0.0,0.0,0.0,0.004438,-0.427361,0.0,9.88156,5.709864,0.0,0.129744,-0.229293,0.0,5.709864,14.799182
CGCT,0.084536,-0.0029,-0.004567,-0.299404,0.050001,0.004877,-0.0029,0.125478,0.019633,0.022809,0.220479,0.304535,-0.004567,0.019633,0.13627,-0.007838,-0.433417,-0.663401,-0.299404,0.022809,-0.007838,4.312902,-0.159346,0.086171,0.050001,0.220479,-0.433417,-0.159346,8.881873,7.382202,0.004877,0.304535,-0.663401,0.086171,7.382202,35.21702
CGGA,0.105188,-0.014868,0.000488,-0.346416,0.099769,-0.044327,-0.014868,0.070179,0.006784,-0.075651,-0.010653,0.06588,0.000488,0.006784,0.089258,0.066362,-0.214346,-0.257057,-0.346416,-0.075651,0.066362,3.568149,-1.095495,1.198174,0.099769,-0.010653,-0.214346,-1.095495,4.604841,2.383949,-0.044327,0.06588,-0.257057,1.198174,2.383949,31.709375
CGGC,0.081869,0.003195,0.007021,-0.304012,-0.048778,0.125768,0.003195,0.061598,0.017824,0.06555,0.009568,0.057336,0.007021,0.017824,0.124007,0.11476,-0.310112,-0.693441,-0.304012,0.06555,0.11476,4.264015,0.127784,-1.82323,-0.048778,0.009568,-0.310112,0.127784,4.195981,4.53318,0.125768,0.057336,-0.693441,-1.82323,4.53318,27.840954
CGGG,0.068759,0.002029,0.000897,-0.246824,0.100078,0.221187,0.002029,0.081962,0.013089,-0.026202,0.01574,0.068027,0.000897,0.013089,0.072043,0.025989,-0.106729,-0.349218,-0.246824,-0.026202,0.025989,3.533924,-0.239777,-1.578369,0.100078,0.01574,-0.106729,-0.239777,3.531196,2.950391,0.221187,0.068027,-0.349218,-1.578369,2.950391,21.075319
CGGT,0.045768,0.010703,-0.002131,-0.080446,-0.01938,-0.05399,0.010703,0.05006,0.016183,-0.02049,0.05823,-0.158083,-0.002131,0.016183,0.052022,0.030978,-0.168528,-0.361281,-0.080446,-0.02049,0.030978,2.141425,-0.267819,-0.124065,-0.01938,0.05823,-0.168528,-0.267819,4.15821,3.457986,-0.05399,-0.158083,-0.361281,-0.124065,3.457986,18.571053
CGTA,0.103093,0.01121,0.008361,-0.049487,-0.088857,0.010924,0.01121,0.088339,0.00663,0.011442,0.207323,0.532914,0.008361,0.00663,0.078346,0.02074,0.030225,-0.509972,-0.049487,0.011442,0.02074,4.052968,0.929297,-0.092235,-0.088857,0.207323,0.030225,0.929297,3.294794,2.631007,0.010924,0.532914,-0.509972,-0.092235,2.631007,25.918598
CGTC,0.146171,-0.012958,-0.020482,-0.274704,0.098044,0.100517,-0.012958,0.195581,0.035913,0.056852,-0.292055,0.329694,-0.020482,0.035913,0.112817,-0.004326,-0.446495,-0.522696,-0.274704,0.056852,-0.004326,3.669848,-0.800627,-0.426258,0.098044,-0.292055,-0.446495,-0.800627,16.756823,9.666826,0.100517,0.329694,-0.522696,-0.426258,9.666826,46.616443
CGTG,0.113808,-0.003078,0.008421,-0.200139,0.13354,0.202088,-0.003078,0.073265,-0.005647,-0.000691,0.152474,0.371029,0.008421,-0.005647,0.090845,-0.035454,-0.39421,-0.705288,-0.200139,-0.000691,-0.035454,4.910466,-0.974128,-0.357756,0.13354,0.152474,-0.39421,-0.974128,13.526414,7.668144,0.202088,0.371029,-0.705288,-0.357756,7.668144,31.00467
CGTT,0.096646,0.003927,0.006705,-0.166441,-0.069421,0.0249,0.003927,0.070238,0.019347,-0.031999,0.068182,0.63968,0.006705,0.019347,0.08941,-0.03764,-0.211642,0.096673,-0.166441,-0.031999,-0.03764,4.542471,-0.23197,-0.647288,-0.069421,0.068182,-0.211642,-0.23197,6.304034,4.74225,0.0249,0.63968,0.096673,-0.647288,4.74225,30.668385
CTAA,0.106204,0.004108,0.008557,-0.25639,-0.030836,-0.090192,0.004108,0.051358,0.027726,-0.015291,0.090961,-0.107909,0.008557,0.027726,0.076644,-0.037985,-0.206661,-0.244762,-0.25639,-0.015291,-0.037985,2.78808,0.190104,0.356144,-0.030836,0.090961,-0.206661,0.190104,3.247842,1.814272,-0.090192,-0.107909,-0.244762,0.356144,1.814272,27.23049
CTAC,0.064449,-0.001632,0.000397,-0.078138,-0.00295,-0.042507,-0.001632,0.031236,0.019282,0.010139,0.077697,-0.191672,0.000397,0.019282,0.058627,0.006633,-0.146173,-0.369092,-0.078138,0.010139,0.006633,2.556415,-0.229491,0.219282,-0.00295,0.077697,-0.146173,-0.229491,2.090647,-0.094691,-0.042507,-0.191672,-0.369092,0.219282,-0.094691,18.533316
CTAG,0.067752,0.0,0.0,-0.172498,0.0,0.0,0.0,0.030251,0.008653,0.0,0.131206,-0.072742,0.0,0.008653,0.070553,0.0,-0.263684,-0.330892,-0.172498,0.0,0.0,1.725258,0.0,0.0,0.0,0.131206,-0.263684,0.0,3.862685,1.082017,0.0,-0.072742,-0.330892,0.0,1.082017,25.686928
CTAT,0.097701,-0.008363,-0.014966,-0.04554,0.073803,0.010709,-0.008363,0.039306,0.022506,0.026609,0.01498,0.062083,-0.014966,0.022506,0.061744,0.004924,-0.202843,-0.266154,-0.04554,0.026609,0.004924,3.20778,0.061462,-0.797236,0.073803,0.01498,-0.202843,0.061462,2.437709,1.259476,0.010709,0.062083,-0.266154,-0.797236,1.259476,18.802565
CTCA,0.074112,-0.001723,0.00078,-0.253376,0.030332,0.0593,-0.001723,0.050227,0.002714,-0.035048,0.049699,0.135877,0.00078,0.002714,0.078101,-0.012148,-0.251604,-0.392862,-0.253376,-0.035048,-0.012148,3.380366,-0.519232,-1.364006,0.030332,0.049699,-0.251604,-0.519232,3.782348,2.626301,0.0593,0.135877,-0.392862,-1.364006,2.626301,29.889448
