,tilt.tilt,tilt.roll,tilt.twist,tilt.shift,tilt.slide,tilt.rise,roll.tilt,roll.roll,roll.twist,roll.shift,roll.slide,roll.rise,twist.tilt,twist.roll,twist.twist,twist.shift,twist.slide,twist.rise,shift.tilt,shift.roll,shift.twist,shift.shift,shift.slide,shift.rise,slide.tilt,slide.roll,slide.twist,slide.shift,slide.slide,slide.rise,rise.tilt,rise.roll,rise.twist,rise.shift,rise.slide,rise.rise
AA,0.110503,-0.00149,-0.000691,-0.154236,0.026622,-0.024711,-0.00149,0.051708,0.023347,0.020253,-0.172083,0.011304,-0.000691,0.023347,0.086467,0.016054,-0.230584,-0.294705,-0.154236,0.020253,0.016054,5.061049,-0.305457,-0.331144,0.026622,-0.172083,-0.230584,-0.305457,7.205247,1.051712,-0.024711,0.011304,-0.294705,-0.331144,1.051712,32.953708
AC,0.097029,-0.002212,0.000975,-0.094102,0.05024,-0.024892,-0.002212,0.079242,0.012872,0.017058,0.048965,0.43083,0.000975,0.012872,0.079675,0.019232,-0.152311,-0.393837,-0.094102,0.017058,0.019232,3.016511,-0.112792,-0.532455,0.05024,0.048965,-0.152311,-0.112792,6.468828,3.874321,-0.024892,0.43083,-0.393837,-0.532455,3.874321,29.364157
AG,0.072379,0.002236,0.001121,-0.060416,-0.023611,-0.037465,0.002236,0.056796,0.014781,-0.018955,-0.000733,-0.023198,0.001121,0.014781,0.073525,-0.008825,-0.139496,-0.43332,-0.060416,-0.018955,-0.008825,2.785099,0.162872,0.248398,-0.023611,-0.000733,-0.139496,0.162872,4.352021,2.785375,-0.037465,-0.023198,-0.43332,0.248398,2.785375,22.801014
AT,0.154782,-1.9e-05,-1.8e-05,-0.081043,2.9e-05,-0.001226,-1.9e-05,0.084901,0.026048,0.000555,-0.124392,0.343756,-1.8e-05,0.026048,0.10606,0.000517,-0.268634,-0.519583,-0.081043,0.000555,0.000517,4.754784,-0.000978,0.035391,2.9e-05,-0.124392,-0.268634,-0.000978,12.817064,5.266867,-0.001226,0.343756,-0.519583,0.035391,5.266867,43.497216
CA,0.077763,0.002099,0.004255,-0.158226,0.014448,-0.028173,0.002099,0.051047,0.022187,-0.002158,0.03207,-0.206031,0.004255,0.022187,0.070413,-0.009124,-0.110864,-0.328981,-0.158226,-0.002158,-0.009124,3.02623,-0.082215,0.152642,0.014448,0.03207,-0.110864,-0.082215,2.164234,1.09709,-0.028173,-0.206031,-0.328981,0.152642,1.09709,20.236262
CC,0.078007,-0.00061,-0.001079,-0.216072,-0.010644,0.008271,-0.00061,0.059216,0.018739,0.01355,0.025205,-0.008849,-0.001079,0.018739,0.077527,0.008629,-0.162395,-0.391479,-0.216072,0.01355,0.008629,2.75277,-0.076345,-0.207306,-0.010644,0.025205,-0.162395,-0.076345,3.162399,3.352188,0.008271,-0.008849,-0.391479,-0.207306,3.352188,23.023585
CG,0.05476,0.0,0.0,-0.207538,0.0,0.0,0.0,0.048672,0.023774,0.0,0.030778,-0.222656,0.0,0.023774,0.075327,0.0,-0.082505,-0.378374,-0.207538,0.0,0.0,3.561721,0.0,0.0,0.0,0.030778,-0.082505,0.0,2.739197,0.648237,0.0,-0.222656,-0.378374,0.0,0.648237,15.883232
CT,0.072379,-0.002236,-0.001121,-0.060416,0.023611,0.037465,-0.002236,0.056796,0.014781,0.018955,-0.000733,-0.023198,-0.001121,0.014781,0.073525,0.008825,-0.139496,-0.43332,-0.060416,0.018955,0.008825,2.785099,-0.162872,-0.248398,0.023611,-0.000733,-0.139496,-0.162872,4.352021,2.785375,0.037465,-0.023198,-0.43332,-0.248398,2.785375,22.801014
GA,0.101203,0.000532,-0.003097,-0.329811,0.026454,0.00975,0.000532,0.067423,0.022533,-0.01472,-0.03295,0.0287,-0.003097,0.022533,0.079174,-0.006071,-0.137948,-0.430341,-0.329811,-0.01472,-0.006071,4.472525,-0.210157,-0.498489,0.026454,-0.03295,-0.137948,-0.210157,4.739987,2.368467,0.00975,0.0287,-0.430341,-0.498489,2.368467,27.56616
GC,0.086823,0.0,0.0,-0.24188,0.0,0.0,0.0,0.083701,0.008754,0.0,0.233189,0.436445,0.0,0.008754,0.086872,0.0,-0.225691,-0.604557,-0.24188,0.0,0.0,3.428749,0.0,0.0,0.0,0.233189,-0.225691,0.0,6.851954,5.912808,0.0,0.436445,-0.604557,0.0,5.912808,29.097682
GG,0.078007,0.00061,0.001079,-0.216072,0.010644,-0.008271,0.00061,0.059216,0.018739,-0.01355,0.025205,-0.008849,0.001079,0.018739,0.077527,-0.008629,-0.162395,-0.391479,-0.216072,-0.01355,-0.008629,2.75277,0.076345,0.207306,0.010644,0.025205,-0.162395,0.076345,3.162399,3.352188,-0.008271,-0.008849,-0.391479,0.207306,3.352188,23.023585
GT,0.097029,0.002212,-0.000975,-0.094102,-0.05024,0.024892,0.002212,0.079242,0.012872,-0.017058,0.048965,0.43083,-0.000975,0.012872,0.079675,-0.019232,-0.152311,-0.393837,-0.094102,-0.017058,-0.019232,3.016511,0.112792,0.532455,-0.05024,0.048965,-0.152311,0.112792,6.468828,3.874321,0.024892,0.43083,-0.393837,0.532455,3.874321,29.364157
TA,0.075951,0.0,0.0,-0.121982,0.0,0.0,0.0,0.032094,0.016738,0.0,0.058032,-0.09263,0.0,0.016738,0.051612,0.0,-0.110984,-0.32991,-0.121982,0.0,0.0,2.623743,0.0,0.0,0.0,0.058032,-0.110984,0.0,1.883216,1.093533,0.0,-0.09263,-0.32991,0.0,1.093533,21.485801
TC,0.101203,-0.000532,0.003097,-0.329811,-0.026454,-0.00975,-0.000532,0.067423,0.022533,0.01472,-0.03295,0.0287,0.003097,0.022533,0.079174,0.006071,-0.137948,-0.430341,-0.329811,0.01472,0.006071,4.472525,0.210157,0.498489,-0.026454,-0.03295,-0.137948,0.210157,4.739987,2.368467,-0.00975,0.0287,-0.430341,0.498489,2.368467,27.56616
TG,0.077763,-0.002099,-0.004255,-0.158226,-0.014448,0.028173,-0.002099,0.051047,0.022187,0.002158,0.03207,-0.206031,-0.004255,0.022187,0.070413,0.009124,-0.110864,-0.328981,-0.158226,0.002158,0.009124,3.02623,0.082215,-0.152642,-0.014448,0.03207,-0.110864,0.082215,2.164234,1.09709,0.028173,-0.206031,-0.328981,-0.152642,1.09709,20.236262
TT,0.110503,0.00149,0.000691,-0.154236,-0.026622,0.024711,0.00149,0.051708,0.023347,-0.020253,-0.172083,0.011304,0.000691,0.023347,0.086467,-0.016054,-0.230584,-0.294705,-0.154236,-0.020253,-0.016054,5.061049,0.305457,0.331144,-0.026622,-0.172083,-0.230584,0.305457,7.205247,1.051712,0.024711,0.011304,-0.294705,0.331144,1.051712,32.953708
