,tilt.tilt,tilt.roll,tilt.twist,tilt.shift,tilt.slide,tilt.rise,roll.tilt,roll.roll,roll.twist,roll.shift,roll.slide,roll.rise,twist.tilt,twist.roll,twist.twist,twist.shift,twist.slide,twist.rise,shift.tilt,shift.roll,shift.twist,shift.shift,shift.slide,shift.rise,slide.tilt,slide.roll,slide.twist,slide.shift,slide.slide,slide.rise,rise.tilt,rise.roll,rise.twist,rise.shift,rise.slide,rise.rise
AA,9.459481,0.094521,-0.028935,0.287288,-0.022961,0.010422,0.094521,23.117531,-5.439545,-0.053642,0.385539,-0.069348,-0.028935,-5.439545,14.265675,0.00213,0.309365,0.11957,0.287288,-0.053642,0.00213,0.207064,0.006192,0.002136,-0.022961,0.385539,0.309365,0.006192,0.158591,-0.002382,0.010422,-0.069348,0.11957,0.002136,-0.002382,0.031544
AC,10.69572,0.23268,-0.3386,0.33437,-0.0991,0.02025,0.23268,14.70363,-3.73446,-0.09994,-0.04626,-0.26133,-0.3386,-3.73446,14.718574,-0.035464,0.245762,0.218844,0.33437,-0.09994,-0.035464,0.344039,-0.001277,0.007681,-0.0991,-0.04626,0.245762,-0.001277,0.172811,-0.018933,0.02025,-0.26133,0.218844,0.007681,-0.018933,0.043479
AG,14.105066,-0.47897,0.114806,0.298306,0.059798,0.014316,-0.47897,18.7479,-4.25015,0.11454,-0.10758,-0.05059,0.114806,-4.25015,16.730911,-0.018769,0.364393,0.269516,0.298306,0.11454,-0.018769,0.367111,-0.011177,-0.002384,0.059798,-0.10758,0.364393,-0.011177,0.257839,-0.024462,0.014316,-0.05059,0.269516,-0.002384,-0.024462,0.051966
AT,6.51886,-6e-05,0.00105,0.11111,-3e-05,0.00011,-6e-05,13.858181,-3.932683,0.00011,0.122473,-0.171327,0.00105,-3.932683,11.491829,-0.00187,0.140501,0.151341,0.11111,0.00011,-0.00187,0.21221,6e-05,-0.0002,-3e-05,0.122473,0.140501,6e-05,0.086149,-0.009721,0.00011,-0.171327,0.151341,-0.0002,-0.009721,0.027329
CA,14.460754,-0.071966,-0.912792,0.749852,-0.116388,0.005214,-0.071966,24.396389,-8.306957,-0.043148,-0.869668,0.160714,-0.912792,-8.306957,19.305381,0.023924,1.031894,0.171878,0.749852,-0.043148,0.023924,0.370146,0.012166,-0.002458,-0.116388,-0.869668,1.031894,0.012166,0.539996,-0.021608,0.005214,0.160714,0.171878,-0.002458,-0.021608,0.055044
CC,16.415406,-0.291256,0.367916,1.29155,0.112404,-0.00449,-0.291256,18.833286,-5.542746,-0.11166,-0.408234,-0.02847,0.367916,-5.542746,16.625651,0.03714,0.712404,0.17704,1.29155,-0.11166,0.03714,0.46568,0.01633,0.00194,0.112404,-0.408234,0.712404,0.01633,0.406826,-0.04717,-0.00449,-0.02847,0.17704,0.00194,-0.04717,0.05332
CG,23.4375,0.0,0.0,1.36568,0.0,0.0,0.0,25.568226,-7.69367,-0.0,-0.56594,0.19824,0.0,-7.69367,17.78161,0.0,0.55265,0.29319,1.36568,-0.0,0.0,0.36034,-0.0,0.0,0.0,-0.56594,0.55265,-0.0,0.39061,-0.01071,0.0,0.19824,0.29319,0.0,-0.01071,0.07316
CT,14.105066,0.47897,-0.114806,0.298306,-0.059798,-0.014316,0.47897,18.7479,-4.25015,-0.11454,-0.10758,-0.05059,-0.114806,-4.25015,16.730911,0.018769,0.364393,0.269516,0.298306,-0.11454,0.018769,0.367111,0.011177,0.002384,-0.059798,-0.10758,0.364393,0.011177,0.257839,-0.024462,-0.014316,-0.05059,0.269516,0.002384,-0.024462,0.051966
GA,13.052224,-0.160132,0.733648,0.964824,-0.023036,0.02643,-0.160132,16.646716,-5.261034,0.025358,0.014698,-0.10021,0.733648,-5.261034,15.955736,0.098718,0.313568,0.22915,0.964824,0.025358,0.098718,0.295974,0.007864,0.00585,-0.023036,0.014698,0.313568,0.007864,0.227949,-0.014555,0.02643,-0.10021,0.22915,0.00585,-0.014555,0.041305
GC,14.33486,-0.0,0.0,1.01125,0.0,-0.0,-0.0,14.774345,-4.17121,0.0,-0.45375,-0.216065,0.0,-4.17121,14.98223,-0.0,0.37936,0.29676,1.01125,0.0,-0.0,0.36299,0.0,0.0,0.0,-0.45375,0.37936,0.0,0.195486,-0.025036,-0.0,-0.216065,0.29676,0.0,-0.025036,0.048861
GG,16.415406,0.291256,-0.367916,1.29155,-0.112404,0.00449,0.291256,18.833286,-5.542746,0.11166,-0.408234,-0.02847,-0.367916,-5.542746,16.625651,-0.03714,0.712404,0.17704,1.29155,0.11166,-0.03714,0.46568,-0.01633,-0.00194,-0.112404,-0.408234,0.712404,-0.01633,0.406826,-0.04717,0.00449,-0.02847,0.17704,-0.00194,-0.04717,0.05332
GT,10.69572,-0.23268,0.3386,0.33437,0.0991,-0.02025,-0.23268,14.70363,-3.73446,0.09994,-0.04626,-0.26133,0.3386,-3.73446,14.718574,0.035464,0.245762,0.218844,0.33437,0.09994,0.035464,0.344039,0.001277,-0.007681,0.0991,-0.04626,0.245762,0.001277,0.172811,-0.018933,-0.02025,-0.26133,0.218844,-0.007681,-0.018933,0.043479
TA,14.22881,0.0,0.0,0.66152,0.0,0.0,0.0,46.974989,-20.899986,0.0,-2.689994,0.018515,0.0,-20.899986,33.284564,0.0,2.433056,0.29714,0.66152,0.0,0.0,0.41189,0.0,0.0,0.0,-2.689994,2.433056,0.0,0.764934,-0.01317,0.0,0.018515,0.29714,0.0,-0.01317,0.051855
TC,13.052224,0.160132,-0.733648,0.964824,0.023036,-0.02643,0.160132,16.646716,-5.261034,-0.025358,0.014698,-0.10021,-0.733648,-5.261034,15.955736,-0.098718,0.313568,0.22915,0.964824,-0.025358,-0.098718,0.295974,-0.007864,-0.00585,0.023036,0.014698,0.313568,-0.007864,0.227949,-0.014555,-0.02643,-0.10021,0.22915,-0.00585,-0.014555,0.041305
TG,14.460754,0.071966,0.912792,0.749852,0.116388,-0.005214,0.071966,24.396389,-8.306957,0.043148,-0.869668,0.160714,0.912792,-8.306957,19.305381,-0.023924,1.031894,0.171878,0.749852,0.043148,-0.023924,0.370146,-0.012166,0.002458,0.116388,-0.869668,1.031894,-0.012166,0.539996,-0.021608,-0.005214,0.160714,0.171878,0.002458,-0.021608,0.055044
TT,9.459481,-0.094521,0.028935,0.287288,0.022961,-0.010422,-0.094521,23.117531,-5.439545,0.053642,0.385539,-0.069348,0.028935,-5.439545,14.265675,-0.00213,0.309365,0.11957,0.287288,0.053642,-0.00213,0.207064,-0.006192,-0.002136,0.022961,0.385539,0.309365,-0.006192,0.158591,-0.002382,-0.010422,-0.069348,0.11957,-0.002136,-0.002382,0.031544
