[0.8781,  -6.2770,  0.8411,  0.1687,  -0.1191,  0.0130,  7.6480,  -39.8644,  -36.7718,  -3.2421,  8.3743,  -1.2552,  -0.2252,  5.1639,  35.2851,  -0.1707,  0.2696,  3.3397,  7.1641,  -37.5526,  -32.1063,  -3.2620,  8.6185,  -1.4663,  0.5094,  -8.5030,  0.7960,  0.0770,  -0.1151,  0.0453]
[[0.0814,  0.0110,  -0.0055,  -0.1264,  -0.2098,  0.0689,  -0.0066,  0.0001,  -0.0058,  0.0048,  0.0107,  -0.1616,  0.0214,  -0.0222,  -0.0380,  -0.0491,  -0.1484,  -1.4405,  -0.0383,  -0.0024,  -0.0159,  0.0201,  -0.1932,  -0.4511,  -0.0568,  0.0112,  -0.0044,  0.1984,  0.0856,  0.0326],  
 [0.0110,  0.0329,  0.0157,  0.1001,  -0.0284,  0.1436,  -0.0015,  -0.0001,  0.0007,  -0.0459,  0.0010,  -0.0857,  -0.0169,  0.0042,  0.0168,  0.2296,  0.0044,  -0.0544,  -0.0058,  0.0072,  0.0076,  -0.1454,  -0.0490,  0.0019,  -0.0083,  -0.0091,  -0.0172,  -0.0246,  0.1050,  -0.0733],  
 [-0.0055,  0.0157,  0.1049,  -0.0394,  -0.4436,  0.1064,  0.0009,  -0.0162,  -0.0223,  0.3641,  0.0312,  -0.0884,  -0.0123,  -0.0012,  0.0090,  1.0021,  -0.0279,  0.0193,  0.0025,  0.0164,  0.0262,  -0.3687,  -0.0257,  0.1306,  0.0042,  -0.0145,  -0.0744,  0.0019,  0.1728,  -0.2538],  
 [-0.1264,  0.1001,  -0.0394,  9.1708,  1.8332,  0.6657,  0.1420,  0.1041,  0.2270,  -2.9771,  0.8277,  1.5962,  -0.0322,  0.1854,  0.8183,  -0.2744,  1.2295,  3.0150,  -0.0406,  0.0887,  0.1185,  -2.1263,  -0.4336,  0.1466,  0.1877,  0.0335,  0.0026,  -2.6325,  1.6928,  -0.5867],  
 [-0.2098,  -0.0284,  -0.4436,  1.8332,  26.8723,  -0.8683,  -0.2433,  0.0171,  -0.1090,  0.6178,  -2.1683,  -1.4674,  -0.0631,  0.1157,  0.1832,  1.3854,  1.3391,  2.6726,  0.3327,  0.0420,  0.2448,  -2.3662,  2.6472,  2.7615,  -0.0725,  0.1546,  0.1551,  -2.5944,  -11.9642,  2.3877],  
 [0.0689,  0.1436,  0.1064,  0.6657,  -0.8683,  15.3542,  -0.1450,  -0.0070,  -0.0729,  0.1393,  -1.4496,  -2.4329,  -1.5121,  0.1457,  -0.0462,  5.2276,  0.7258,  2.4073,  0.1324,  0.0011,  0.0767,  -0.3104,  1.3066,  1.9567,  0.0502,  -0.0599,  -0.1984,  0.9492,  1.3419,  -10.7832],  
 [-0.0066,  -0.0015,  0.0009,  0.1420,  -0.2433,  -0.1450,  0.0601,  0.0077,  0.0297,  -0.0912,  0.2197,  0.6520,  0.0475,  0.0008,  0.0043,  -0.1212,  0.6200,  0.2101,  -0.0042,  -0.0001,  -0.0009,  -0.0048,  -0.0338,  -0.0387,  0.0301,  -0.0068,  0.0042,  0.0501,  0.3242,  0.0803],  
 [0.0001,  -0.0001,  -0.0162,  0.1041,  0.0171,  -0.0070,  0.0077,  0.0170,  0.0175,  -0.2210,  -0.0087,  0.1632,  -0.0002,  0.0049,  0.0249,  -0.2655,  0.1341,  -0.0226,  0.0010,  -0.0015,  -0.0014,  0.0098,  0.0436,  -0.0018,  0.0027,  0.0058,  0.0166,  -0.0926,  0.0152,  -0.0109],  
 [-0.0058,  0.0007,  -0.0223,  0.2270,  -0.1090,  -0.0729,  0.0297,  0.0175,  0.0475,  -0.5184,  -0.0144,  0.4074,  0.0103,  0.0056,  0.0412,  -0.4433,  0.3730,  0.1232,  0.0006,  -0.0017,  -0.0044,  0.0407,  0.0688,  -0.0167,  0.0146,  0.0046,  0.0257,  -0.1200,  0.2050,  0.0378],  
 [0.0048,  -0.0459,  0.3641,  -2.9771,  0.6178,  0.1393,  -0.0912,  -0.2210,  -0.5184,  8.1773,  0.3551,  -1.7939,  0.1347,  -0.0721,  -0.6419,  6.5555,  -2.2993,  -0.1979,  -0.0208,  0.0105,  0.0400,  -0.5949,  -0.3287,  -0.0599,  -0.0349,  -0.1117,  -0.3715,  2.2381,  -1.8613,  -0.1083],  
 [0.0107,  0.0010,  0.0312,  0.8277,  -2.1683,  -1.4496,  0.2197,  -0.0087,  -0.0144,  0.3551,  4.6606,  1.8793,  0.3539,  -0.0047,  0.0143,  -0.9725,  2.3734,  0.5688,  -0.0446,  0.0379,  0.0553,  -0.2502,  -2.5171,  0.0528,  0.1437,  -0.0474,  -0.0005,  0.4116,  2.4553,  1.1603],  
 [-0.1616,  -0.0857,  -0.0884,  1.5962,  -1.4674,  -2.4329,  0.6520,  0.1632,  0.4074,  -1.7939,  1.8793,  8.8779,  0.6681,  0.0823,  0.1980,  -2.3759,  5.7379,  3.3989,  -0.0389,  -0.0172,  -0.0303,  0.0413,  0.2702,  -0.7022,  0.3738,  -0.0163,  0.1614,  -0.0799,  2.5424,  1.4025],  
 [0.0214,  -0.0169,  -0.0123,  -0.0322,  -0.0631,  -1.5121,  0.0475,  -0.0002,  0.0103,  0.1347,  0.3539,  0.6681,  0.3165,  -0.0098,  -0.0099,  -0.5863,  -0.1209,  -0.0224,  -0.0586,  -0.0024,  -0.0174,  -0.0773,  -0.3768,  -0.7451,  0.0009,  0.0196,  0.0136,  0.0211,  0.1061,  1.4979],  
 [-0.0222,  0.0042,  -0.0012,  0.1854,  0.1157,  0.1457,  0.0008,  0.0049,  0.0056,  -0.0721,  -0.0047,  0.0823,  -0.0098,  0.0635,  0.0522,  0.0501,  0.0226,  0.5365,  0.0078,  0.0057,  0.0082,  -0.0724,  0.0350,  0.1666,  0.0223,  -0.0002,  -0.0036,  -0.1691,  0.0307,  0.0211],  
 [-0.0380,  0.0168,  0.0090,  0.8183,  0.1832,  -0.0462,  0.0043,  0.0249,  0.0412,  -0.6419,  0.0143,  0.1980,  -0.0099,  0.0522,  0.2299,  -0.0069,  -0.0283,  0.5773,  0.0091,  0.0257,  0.0436,  -0.6264,  0.0263,  0.2514,  0.0346,  0.0116,  0.0017,  -0.7846,  0.1113,  -0.1153],  
 [-0.0491,  0.2296,  1.0021,  -0.2744,  1.3854,  5.2276,  -0.1212,  -0.2655,  -0.4433,  6.5555,  -0.9725,  -2.3759,  -0.5863,  0.0501,  -0.0069,  19.3903,  0.6343,  -0.0981,  0.1472,  0.2743,  0.4720,  -6.6213,  1.1177,  2.3982,  -0.0799,  -0.1705,  -1.0234,  -0.1603,  -1.4296,  -5.0420],  
 [-0.1484,  0.0044,  -0.0279,  1.2295,  1.3391,  0.7258,  0.6200,  0.1341,  0.3730,  -2.2993,  2.3734,  5.7379,  -0.1209,  0.0226,  -0.0283,  0.6343,  20.4761,  -0.8383,  0.7057,  0.1258,  0.3762,  -1.8913,  3.1105,  6.4755,  0.1374,  -0.0082,  0.0018,  -1.6937,  0.7413,  -0.3854],  
 [-1.4405,  -0.0544,  0.0193,  3.0150,  2.6726,  2.4073,  0.2101,  -0.0226,  0.1232,  -0.1979,  0.5688,  3.3989,  -0.0224,  0.5365,  0.5773,  -0.0981,  -0.8383,  53.2596,  0.3178,  -0.0188,  0.1608,  -0.3676,  1.4925,  4.5930,  1.4531,  -0.1038,  0.0733,  -2.4001,  2.4755,  2.4922],  
 [-0.0383,  -0.0058,  0.0025,  -0.0406,  0.3327,  0.1324,  -0.0042,  0.0010,  0.0006,  -0.0208,  -0.0446,  -0.0389,  -0.0586,  0.0078,  0.0091,  0.1472,  0.7057,  0.3178,  0.0701,  0.0090,  0.0333,  -0.0955,  0.2656,  0.7436,  0.0127,  -0.0050,  0.0005,  -0.1852,  -0.2702,  -0.1828],  
 [-0.0024,  0.0072,  0.0164,  0.0887,  0.0420,  0.0011,  -0.0001,  -0.0015,  -0.0017,  0.0105,  0.0379,  -0.0172,  -0.0024,  0.0057,  0.0257,  0.2743,  0.1258,  -0.0188,  0.0090,  0.0175,  0.0192,  -0.2294,  -0.0118,  0.1754,  -0.0007,  -0.0003,  -0.0160,  -0.1131,  -0.0089,  -0.0305],  
 [-0.0159,  0.0076,  0.0262,  0.1185,  0.2448,  0.0767,  -0.0009,  -0.0014,  -0.0044,  0.0400,  0.0553,  -0.0303,  -0.0174,  0.0082,  0.0436,  0.4720,  0.3762,  0.1608,  0.0333,  0.0192,  0.0493,  -0.5135,  0.0053,  0.4443,  0.0052,  0.0001,  -0.0237,  -0.2274,  -0.1342,  -0.0965],  
 [0.0201,  -0.1454,  -0.3687,  -2.1263,  -2.3662,  -0.3104,  -0.0048,  0.0098,  0.0407,  -0.5949,  -0.2502,  0.0413,  -0.0773,  -0.0724,  -0.6264,  -6.6213,  -1.8913,  -0.3676,  -0.0955,  -0.2294,  -0.5135,  7.8291,  0.2759,  -1.8757,  0.0290,  -0.0509,  0.3650,  2.5954,  0.9183,  0.3464],  
 [-0.1932,  -0.0490,  -0.0257,  -0.4336,  2.6472,  1.3066,  -0.0338,  0.0436,  0.0688,  -0.3287,  -2.5171,  0.2702,  -0.3768,  0.0350,  0.0263,  1.1177,  3.1105,  1.4925,  0.2656,  -0.0118,  0.0053,  0.2759,  5.0164,  2.2467,  0.0210,  0.0060,  0.0248,  -1.0390,  -2.3134,  -1.6157],  
 [-0.4511,  0.0019,  0.1306,  0.1466,  2.7615,  1.9567,  -0.0387,  -0.0018,  -0.0167,  -0.0599,  0.0528,  -0.7022,  -0.7451,  0.1666,  0.2514,  2.3982,  6.4755,  4.5930,  0.7436,  0.1754,  0.4443,  -1.8757,  2.2467,  9.7486,  0.2267,  -0.1177,  -0.0781,  -1.9112,  -2.0813,  -2.7188],  
 [-0.0568,  -0.0083,  0.0042,  0.1877,  -0.0725,  0.0502,  0.0301,  0.0027,  0.0146,  -0.0349,  0.1437,  0.3738,  0.0009,  0.0223,  0.0346,  -0.0799,  0.1374,  1.4531,  0.0127,  -0.0007,  0.0052,  0.0290,  0.0210,  0.2267,  0.0792,  -0.0091,  0.0074,  -0.0807,  0.2010,  -0.1315],  
 [0.0112,  -0.0091,  -0.0145,  0.0335,  0.1546,  -0.0599,  -0.0068,  0.0058,  0.0046,  -0.1117,  -0.0474,  -0.0163,  0.0196,  -0.0002,  0.0116,  -0.1705,  -0.0082,  -0.1038,  -0.0050,  -0.0003,  0.0001,  -0.0509,  0.0060,  -0.1177,  -0.0091,  0.0319,  0.0125,  -0.0787,  -0.0122,  0.1317],  
 [-0.0044,  -0.0172,  -0.0744,  0.0026,  0.1551,  -0.1984,  0.0042,  0.0166,  0.0257,  -0.3715,  -0.0005,  0.1614,  0.0136,  -0.0036,  0.0017,  -1.0234,  0.0018,  0.0733,  0.0005,  -0.0160,  -0.0237,  0.3650,  0.0248,  -0.0781,  0.0074,  0.0125,  0.0904,  -0.0003,  -0.1883,  0.1383],  
 [0.1984,  -0.0246,  0.0019,  -2.6325,  -2.5944,  0.9492,  0.0501,  -0.0926,  -0.1200,  2.2381,  0.4116,  -0.0799,  0.0211,  -0.1691,  -0.7846,  -0.1603,  -1.6937,  -2.4001,  -0.1852,  -0.1131,  -0.2274,  2.5954,  -1.0390,  -1.9112,  -0.0807,  -0.0787,  -0.0003,  8.0545,  0.5965,  -0.5274],  
 [0.0856,  0.1050,  0.1728,  1.6928,  -11.9642,  1.3419,  0.3242,  0.0152,  0.2050,  -1.8613,  2.4553,  2.5424,  0.1061,  0.0307,  0.1113,  -1.4296,  0.7413,  2.4755,  -0.2702,  -0.0089,  -0.1342,  0.9183,  -2.3134,  -2.0813,  0.2010,  -0.0122,  -0.1883,  0.5965,  24.6369,  -0.5676],  
 [0.0326,  -0.0733,  -0.2538,  -0.5867,  2.3877,  -10.7832,  0.0803,  -0.0109,  0.0378,  -0.1083,  1.1603,  1.4025,  1.4979,  0.0211,  -0.1153,  -5.0420,  -0.3854,  2.4922,  -0.1828,  -0.0305,  -0.0965,  0.3464,  -1.6157,  -2.7188,  -0.1315,  0.1317,  0.1383,  -0.5274,  -0.5676,  15.6564]]
[[72.8928,  -11.6830,  1.6622,  0.4347,  0.0437,  -1.2605,  -12.1226,  -9.7281,  -1.3476,  0.0191,  0.0121,  1.3266,  -4.6039,  2.7291,  5.0722,  0.2470,  -0.7375,  0.9701,  37.2936,  -4.7901,  3.5292,  0.3262,  0.9909,  -0.7425,  23.7941,  -16.1855,  1.0330,  -0.0602,  0.0700,  0.0234],  
 [-11.6830,  59.8133,  -6.1224,  -0.0373,  -0.3256,  -0.1196,  -4.8769,  -15.0721,  -6.7004,  0.3617,  0.2141,  1.5015,  0.4708,  -2.5169,  -3.0126,  -0.5269,  -0.5186,  -0.4195,  14.4316,  -7.1972,  4.4422,  0.3738,  0.4402,  -0.6347,  6.5276,  24.7784,  -2.4507,  -0.1086,  -0.2054,  -0.1600],  
 [1.6622,  -6.1224,  35.3841,  0.1939,  0.5615,  0.5072,  -4.9792,  2.2659,  -7.7102,  -0.5099,  -0.2550,  0.4325,  -1.1465,  2.7604,  -2.2583,  -0.8418,  0.3593,  0.0344,  -1.2742,  3.6423,  -8.0431,  -0.3569,  -0.2429,  -0.1154,  -2.6739,  -4.2350,  18.4587,  -0.0703,  0.1194,  0.4139],  
 [0.4347,  -0.0373,  0.1939,  0.1955,  -0.0221,  -0.0162,  -0.7480,  -0.2609,  -0.6814,  -0.0113,  -0.0309,  0.0768,  -0.0049,  0.0514,  -0.6060,  -0.0140,  -0.0124,  0.0028,  0.3520,  -0.1607,  0.6684,  0.0236,  0.0293,  -0.0067,  0.0324,  -0.0971,  0.1515,  0.0040,  -0.0045,  0.0019],  
 [0.0437,  -0.3256,  0.5615,  -0.0221,  0.0690,  0.0068,  0.1484,  0.2325,  0.4201,  0.0077,  0.0131,  -0.0297,  0.0154,  0.0090,  0.0456,  -0.0123,  0.0038,  0.0007,  -0.1279,  0.2057,  -0.3906,  -0.0029,  -0.0202,  0.0041,  -0.0719,  -0.3090,  0.1376,  0.0045,  0.0239,  -0.0072],  
 [-1.2605,  -0.1196,  0.5072,  -0.0162,  0.0068,  0.2434,  0.3996,  0.1425,  0.2050,  0.0078,  0.0123,  -0.0333,  0.6798,  -0.6296,  0.1660,  -0.0286,  -0.0241,  -0.0457,  0.2471,  0.6593,  -0.7932,  -0.0280,  -0.0056,  0.0173,  -0.0501,  -0.2115,  0.3190,  -0.0102,  -0.0048,  0.1108],  
 [-12.1226,  -4.8769,  -4.9792,  -0.7480,  0.1484,  0.3996,  399.0549,  96.7954,  -61.3312,  -5.9174,  1.9867,  -19.9965,  3.5749,  34.1323,  -18.5497,  1.0902,  -11.9533,  -0.1358,  184.2783,  44.7373,  35.1975,  0.5661,  5.0956,  -8.8327,  -42.7866,  37.8193,  3.5959,  -0.3093,  -0.3729,  0.1739],  
 [-9.7281,  -15.0721,  2.2659,  -0.2609,  0.2325,  0.1425,  96.7954,  186.1823,  36.7482,  1.5745,  1.8419,  -10.2209,  9.8962,  8.5595,  -17.2127,  2.4649,  -3.3901,  -0.1822,  50.5225,  24.4193,  18.4377,  1.2166,  0.7130,  -2.9971,  2.7778,  -6.5677,  3.1429,  0.3639,  0.2184,  0.3763],  
 [-1.3476,  -6.7004,  -7.7102,  -0.6814,  0.4201,  0.2050,  -61.3312,  36.7482,  414.2504,  20.5032,  9.0825,  -10.7223,  8.3931,  8.8536,  -11.8935,  1.9566,  -2.5255,  -0.0828,  17.8356,  -2.2064,  32.6950,  1.9155,  0.4518,  -0.9800,  -2.4428,  7.1468,  -5.7005,  -0.3640,  -0.1419,  -0.4635],  
 [0.0191,  0.3617,  -0.5099,  -0.0113,  0.0077,  0.0078,  -5.9174,  1.5745,  20.5032,  1.4003,  0.3357,  -0.3287,  -0.0822,  -0.2684,  0.5732,  -0.0258,  0.0276,  0.0095,  -0.6813,  0.1706,  1.2542,  0.1198,  -0.0592,  -0.0027,  -0.3074,  0.4281,  -0.2700,  -0.0169,  0.0033,  -0.0168],  
 [0.0121,  0.2141,  -0.2550,  -0.0309,  0.0131,  0.0123,  1.9867,  1.8419,  9.0825,  0.3357,  0.7300,  -0.3982,  0.0209,  0.7726,  -0.8323,  0.0768,  -0.3046,  -0.0016,  3.8363,  -0.1025,  0.5723,  -0.0177,  0.3147,  -0.1843,  -0.9140,  1.0332,  -0.3295,  -0.0175,  -0.0184,  -0.0022],  
 [1.3266,  1.5015,  0.4325,  0.0768,  -0.0297,  -0.0333,  -19.9965,  -10.2209,  -10.7223,  -0.3287,  -0.3982,  1.9023,  -1.4657,  -2.2835,  1.4018,  -0.2161,  0.6007,  0.0333,  -9.0507,  -2.2325,  -2.6574,  -0.0916,  -0.2944,  0.5045,  0.7949,  -1.2346,  -0.6699,  -0.0131,  0.0066,  0.0231],  
 [-4.6039,  0.4708,  -1.1465,  -0.0049,  0.0154,  0.6798,  3.5749,  9.8962,  8.3931,  -0.0822,  0.0209,  -1.4657,  14.4717,  -0.6977,  0.3769,  0.6305,  -0.0622,  -0.0874,  1.4033,  -7.1806,  -7.1038,  0.0875,  -0.0669,  0.9049,  -1.5490,  -2.0891,  1.9035,  0.0553,  0.0509,  -0.5107],  
 [2.7291,  -2.5169,  2.7604,  0.0514,  0.0090,  -0.6296,  34.1323,  8.5595,  8.8536,  -0.2684,  0.7726,  -2.2835,  -0.6977,  29.9763,  -11.0420,  -0.0920,  -1.3863,  0.0057,  24.7790,  6.5109,  16.6305,  -0.0109,  0.9357,  -2.1123,  -5.4577,  0.8904,  2.8058,  -0.0133,  0.0081,  -0.5143],  
 [5.0722,  -3.0126,  -2.2583,  -0.6060,  0.0456,  0.1660,  -18.5497,  -17.2127,  -11.8935,  0.5732,  -0.8323,  1.4018,  0.3769,  -11.0420,  22.8924,  0.1282,  1.4977,  0.2229,  -13.1835,  -14.8139,  -19.5866,  0.2839,  -1.0219,  1.3955,  -3.6438,  -3.1315,  -1.1036,  0.6653,  0.0109,  0.1208],  
 [0.2470,  -0.5269,  -0.8418,  -0.0140,  -0.0123,  -0.0286,  1.0902,  2.4649,  1.9566,  -0.0258,  0.0768,  -0.2161,  0.6305,  -0.0920,  0.1282,  0.3564,  -0.0320,  0.0013,  -0.1180,  -2.2643,  -1.6882,  0.0420,  -0.0700,  0.1720,  0.0903,  0.3375,  1.4260,  -0.0105,  0.0088,  0.0153],  
 [-0.7375,  -0.5186,  0.3593,  -0.0124,  0.0038,  -0.0241,  -11.9533,  -3.3901,  -2.5255,  0.0276,  -0.3046,  0.6007,  -0.0622,  -1.3863,  1.4977,  -0.0320,  0.6548,  0.0170,  -10.1122,  -2.3042,  -2.9218,  -0.0470,  -0.3183,  0.4763,  0.8470,  -1.4111,  0.3253,  0.0190,  0.0073,  -0.0294],  
 [0.9701,  -0.4195,  0.0344,  0.0028,  0.0007,  -0.0457,  -0.1358,  -0.1822,  -0.0828,  0.0095,  -0.0016,  0.0333,  -0.0874,  0.0057,  0.2229,  0.0013,  0.0170,  0.0693,  -0.0671,  -0.1856,  -0.2680,  0.0061,  -0.0149,  0.0306,  -0.9514,  -0.2367,  -0.0221,  0.0001,  -0.0020,  -0.0422],  
 [37.2936,  14.4316,  -1.2742,  0.3520,  -0.1279,  0.2471,  184.2783,  50.5225,  17.8356,  -0.6813,  3.8363,  -9.0507,  1.4033,  24.7790,  -13.1835,  -0.1180,  -10.1122,  -0.0671,  315.0365,  67.5011,  -55.2967,  -4.5124,  1.7394,  -15.2112,  6.2794,  9.0617,  -7.1170,  0.7314,  0.0550,  0.3726],  
 [-4.7901,  -7.1972,  3.6423,  -0.1607,  0.2057,  0.6593,  44.7373,  24.4193,  -2.2064,  0.1706,  -0.1025,  -2.2325,  -7.1806,  6.5109,  -14.8139,  -2.2643,  -2.3042,  -0.1856,  67.5011,  175.1876,  27.5219,  1.8094,  1.8435,  -8.2784,  10.2225,  -10.9989,  0.5445,  0.5650,  0.0838,  0.4740],  
 [3.5292,  4.4422,  -8.0431,  0.6684,  -0.3906,  -0.7932,  35.1975,  18.4377,  32.6950,  1.2542,  0.5723,  -2.6574,  -7.1038,  16.6305,  -19.5866,  -1.6882,  -2.9218,  -0.2680,  -55.2967,  27.5219,  408.3106,  20.0813,  8.9582,  -10.5625,  9.2987,  -10.7838,  -7.2363,  0.7283,  0.1912,  0.1527],  
 [0.3262,  0.3738,  -0.3569,  0.0236,  -0.0029,  -0.0280,  0.5661,  1.2166,  1.9155,  0.1198,  -0.0177,  -0.0916,  0.0875,  -0.0109,  0.2839,  0.0420,  -0.0470,  0.0061,  -4.5124,  1.8094,  20.0813,  1.3913,  0.3385,  -0.3653,  0.0062,  0.0850,  -0.3738,  0.0273,  0.0022,  0.0051],  
 [0.9909,  0.4402,  -0.2429,  0.0293,  -0.0202,  -0.0056,  5.0956,  0.7130,  0.4518,  -0.0592,  0.3147,  -0.2944,  -0.0669,  0.9357,  -1.0219,  -0.0700,  -0.3183,  -0.0149,  1.7394,  1.8435,  8.9582,  0.3385,  0.7297,  -0.3778,  0.3877,  0.0825,  -0.2639,  0.0293,  0.0063,  0.0293],  
 [-0.7425,  -0.6347,  -0.1154,  -0.0067,  0.0041,  0.0173,  -8.8327,  -2.9971,  -0.9800,  -0.0027,  -0.1843,  0.5045,  0.9049,  -2.1123,  1.3955,  0.1720,  0.4763,  0.0306,  -15.2112,  -8.2784,  -10.5625,  -0.3653,  -0.3778,  1.5941,  -1.5455,  1.0894,  0.5684,  -0.0869,  -0.0108,  -0.0328],  
 [23.7941,  6.5276,  -2.6739,  0.0324,  -0.0719,  -0.0501,  -42.7866,  2.7778,  -2.4428,  -0.3074,  -0.9140,  0.7949,  -1.5490,  -5.4577,  -3.6438,  0.0903,  0.8470,  -0.9514,  6.2794,  10.2225,  9.2987,  0.0062,  0.3877,  -1.5455,  67.9310,  -7.4948,  -1.7961,  0.1664,  0.0239,  1.0452],  
 [-16.1855,  24.7784,  -4.2350,  -0.0971,  -0.3090,  -0.2115,  37.8193,  -6.5677,  7.1468,  0.4281,  1.0332,  -1.2346,  -2.0891,  0.8904,  -3.1315,  0.3375,  -1.4111,  -0.2367,  9.0617,  -10.9989,  -10.7838,  0.0850,  0.0825,  1.0894,  -7.4948,  63.6237,  -6.4650,  -0.1127,  -0.3667,  -0.2571],  
 [1.0330,  -2.4507,  18.4587,  0.1515,  0.1376,  0.3190,  3.5959,  3.1429,  -5.7005,  -0.2700,  -0.3295,  -0.6699,  1.9035,  2.8058,  -1.1036,  1.4260,  0.3253,  -0.0221,  -7.1170,  0.5445,  -7.2363,  -0.3738,  -0.2639,  0.5684,  -1.7961,  -6.4650,  44.6582,  -0.1451,  0.3513,  0.4527],  
 [-0.0602,  -0.1086,  -0.0703,  0.0040,  0.0045,  -0.0102,  -0.3093,  0.3639,  -0.3640,  -0.0169,  -0.0175,  -0.0131,  0.0553,  -0.0133,  0.6653,  -0.0105,  0.0190,  0.0001,  0.7314,  0.5650,  0.7283,  0.0273,  0.0293,  -0.0869,  0.1664,  -0.1127,  -0.1451,  0.2238,  0.0067,  0.0055],  
 [0.0700,  -0.2054,  0.1194,  -0.0045,  0.0239,  -0.0048,  -0.3729,  0.2184,  -0.1419,  0.0033,  -0.0184,  0.0066,  0.0509,  0.0081,  0.0109,  0.0088,  0.0073,  -0.0020,  0.0550,  0.0838,  0.1912,  0.0022,  0.0063,  -0.0108,  0.0239,  -0.3667,  0.3513,  0.0067,  0.0635,  -0.0012],  
 [0.0234,  -0.1600,  0.4139,  0.0019,  -0.0072,  0.1108,  0.1739,  0.3763,  -0.4635,  -0.0168,  -0.0022,  0.0231,  -0.5107,  -0.5143,  0.1208,  0.0153,  -0.0294,  -0.0422,  0.3726,  0.4740,  0.1527,  0.0051,  0.0293,  -0.0328,  1.0452,  -0.2571,  0.4527,  0.0055,  -0.0012,  0.2176]]
