[-0.2266,  -8.0021,  0.7054,  -0.1557,  -0.1172,  -0.0595,  12.1895,  -38.4889,  -35.7118,  -3.2301,  8.5349,  -1.4550,  -1.4308,  2.2125,  36.4253,  -0.2789,  0.0280,  3.3000,  8.6777,  -34.2781,  -29.4190,  -3.2482,  8.8147,  -1.7698,  0.1108,  -9.2601,  0.1936,  0.0927,  -0.1179,  -0.0493]
[[0.1020,  0.0112,  -0.0050,  -0.2375,  -0.1863,  -0.1963,  -0.0176,  -0.0006,  -0.0121,  0.0551,  -0.0645,  -0.2410,  0.0317,  -0.0250,  -0.0586,  -0.1436,  -0.3602,  -1.7370,  -0.0404,  -0.0023,  -0.0143,  0.0252,  -0.3148,  -0.4393,  -0.0792,  0.0186,  0.0058,  0.2756,  0.0349,  0.1780],  
 [0.0112,  0.0415,  0.0125,  0.0425,  -0.0106,  0.2387,  -0.0071,  0.0012,  0.0011,  -0.0761,  -0.0390,  -0.1150,  -0.0259,  -0.0119,  0.0119,  0.1866,  -0.1212,  -0.4627,  -0.0067,  0.0059,  0.0032,  -0.0702,  -0.0634,  -0.0131,  -0.0195,  -0.0165,  -0.0107,  -0.0273,  0.1099,  -0.2208],  
 [-0.0050,  0.0125,  0.1016,  0.0898,  -0.4148,  0.0971,  -0.0007,  -0.0164,  -0.0217,  0.3335,  -0.0186,  -0.0855,  -0.0073,  0.0045,  0.0114,  0.9979,  -0.1097,  0.1149,  -0.0002,  0.0174,  0.0251,  -0.3488,  -0.0450,  0.0971,  0.0036,  -0.0103,  -0.0765,  -0.0365,  0.2460,  -0.1976],  
 [-0.2375,  0.0425,  0.0898,  9.7185,  -2.9646,  0.1157,  0.2005,  0.1253,  0.2852,  -3.1030,  0.9614,  2.6690,  0.0900,  0.2634,  1.0031,  -0.3502,  0.8835,  4.4348,  -0.0301,  0.1054,  0.1218,  -1.9520,  -0.4674,  0.2442,  0.3076,  0.0195,  -0.0245,  -4.1519,  3.2431,  -0.3351],  
 [-0.1863,  -0.0106,  -0.4148,  -2.9646,  24.8614,  -0.8236,  -0.2262,  0.0184,  -0.0488,  -0.2692,  -1.6357,  -1.3752,  -0.1942,  0.0407,  0.2074,  0.9890,  1.8389,  1.4463,  0.3175,  0.0045,  0.1379,  -1.0769,  3.3836,  2.1810,  -0.0832,  0.1022,  0.1972,  -3.1918,  -13.2696,  1.0101],  
 [-0.1963,  0.2387,  0.0971,  0.1157,  -0.8236,  21.6518,  -0.1868,  -0.0155,  -0.1015,  0.4438,  -1.5900,  -2.3940,  -1.9486,  -0.1876,  -0.0792,  5.5444,  -2.1116,  -7.2697,  0.1112,  -0.0089,  -0.0011,  0.7792,  1.5484,  1.8018,  0.0690,  -0.2144,  -0.1199,  1.3361,  1.9690,  -19.6063],  
 [-0.0176,  -0.0071,  -0.0007,  0.2005,  -0.2262,  -0.1868,  0.0698,  0.0092,  0.0347,  -0.1067,  0.2930,  0.7663,  0.0673,  0.0120,  0.0162,  -0.0991,  0.7508,  0.2933,  -0.0038,  0.0009,  0.0017,  -0.0515,  -0.0069,  -0.0463,  0.0413,  -0.0081,  -0.0001,  0.0183,  0.3436,  0.1689],  
 [-0.0006,  0.0012,  -0.0164,  0.1253,  0.0184,  -0.0155,  0.0092,  0.0182,  0.0215,  -0.2425,  -0.0255,  0.1907,  -0.0002,  0.0068,  0.0302,  -0.2726,  0.0967,  0.0167,  0.0004,  -0.0008,  -0.0003,  0.0048,  -0.0039,  -0.0007,  0.0046,  0.0056,  0.0173,  -0.1022,  0.0423,  -0.0016],  
 [-0.0121,  0.0011,  -0.0217,  0.2852,  -0.0488,  -0.1015,  0.0347,  0.0215,  0.0542,  -0.5419,  -0.0209,  0.5071,  0.0166,  0.0127,  0.0556,  -0.4358,  0.3060,  0.2509,  0.0010,  0.0002,  -0.0000,  0.0002,  -0.0050,  0.0108,  0.0195,  0.0031,  0.0260,  -0.1371,  0.2172,  0.0761],  
 [0.0551,  -0.0761,  0.3335,  -3.1030,  -0.2692,  0.4438,  -0.1067,  -0.2425,  -0.5419,  8.0124,  0.3953,  -2.4002,  0.1451,  -0.1045,  -0.7081,  6.2012,  -0.9852,  -1.7849,  -0.0310,  0.0027,  0.0109,  -0.3501,  0.1407,  -0.4429,  -0.0503,  -0.0815,  -0.3707,  2.0793,  -1.6932,  -0.2748],  
 [-0.0645,  -0.0390,  -0.0186,  0.9614,  -1.6357,  -1.5900,  0.2930,  -0.0255,  -0.0209,  0.3953,  6.1358,  2.3122,  0.4371,  0.0350,  0.0187,  -1.2065,  4.5266,  1.4793,  -0.0281,  -0.0025,  -0.0077,  0.0227,  -0.5034,  -0.2888,  0.2308,  -0.0543,  -0.0234,  0.2504,  2.2767,  1.5452],  
 [-0.2410,  -0.1150,  -0.0855,  2.6690,  -1.3752,  -2.3940,  0.7663,  0.1907,  0.5071,  -2.4002,  2.3122,  10.1646,  0.8253,  0.1932,  0.4094,  -1.8464,  6.8514,  3.6024,  -0.0413,  0.0155,  0.0281,  -0.7807,  -0.0765,  -0.7061,  0.4764,  -0.0314,  0.1027,  -0.5080,  3.2082,  2.0297],  
 [0.0317,  -0.0259,  -0.0073,  0.0900,  -0.1942,  -1.9486,  0.0673,  -0.0002,  0.0166,  0.1451,  0.4371,  0.8253,  0.4255,  0.0111,  0.0066,  -0.6042,  0.2808,  -0.3380,  -0.0648,  0.0059,  -0.0053,  -0.2780,  -0.4843,  -0.8058,  0.0013,  0.0250,  0.0002,  -0.0561,  0.1818,  2.0204],  
 [-0.0250,  -0.0119,  0.0045,  0.2634,  0.0407,  -0.1876,  0.0120,  0.0068,  0.0127,  -0.1045,  0.0350,  0.1932,  0.0111,  0.0951,  0.0718,  0.0570,  0.1895,  0.7059,  0.0130,  0.0092,  0.0141,  -0.1224,  0.0297,  0.2055,  0.0300,  0.0028,  -0.0090,  -0.2650,  0.0444,  0.2286],  
 [-0.0586,  0.0119,  0.0114,  1.0031,  0.2074,  -0.0792,  0.0162,  0.0302,  0.0556,  -0.7081,  0.0187,  0.4094,  0.0066,  0.0718,  0.2781,  0.0379,  -0.2210,  1.0564,  0.0088,  0.0308,  0.0459,  -0.6138,  -0.0599,  0.2695,  0.0581,  0.0127,  0.0001,  -0.9335,  0.1912,  -0.0307],  
 [-0.1436,  0.1866,  0.9979,  -0.3502,  0.9890,  5.5444,  -0.0991,  -0.2726,  -0.4358,  6.2012,  -1.2065,  -1.8464,  -0.6042,  0.0570,  0.0379,  20.3706,  0.5969,  0.0462,  0.1272,  0.2645,  0.4167,  -5.5984,  1.2478,  1.9565,  -0.0364,  -0.1688,  -1.0125,  -0.4072,  -0.8390,  -5.4586],  
 [-0.3602,  -0.1212,  -0.1097,  0.8835,  1.8389,  -2.1116,  0.7508,  0.0967,  0.3060,  -0.9852,  4.5266,  6.8514,  0.2808,  0.1895,  -0.2210,  0.5969,  24.7551,  1.2571,  0.6886,  0.0178,  0.1792,  -0.1857,  6.1838,  5.0792,  0.3077,  -0.0434,  -0.0892,  -1.2712,  0.5025,  2.6134],  
 [-1.7370,  -0.4627,  0.1149,  4.4348,  1.4463,  -7.2697,  0.2933,  0.0167,  0.2509,  -1.7849,  1.4793,  3.6024,  -0.3380,  0.7059,  1.0564,  0.0462,  1.2571,  73.3974,  0.3293,  0.0151,  0.2175,  -1.5086,  2.6646,  4.3282,  1.7964,  -0.0631,  -0.0251,  -4.3263,  1.3171,  6.8078],  
 [-0.0404,  -0.0067,  -0.0002,  -0.0301,  0.3175,  0.1112,  -0.0038,  0.0004,  0.0010,  -0.0310,  -0.0281,  -0.0413,  -0.0648,  0.0130,  0.0088,  0.1272,  0.6886,  0.3293,  0.0655,  0.0050,  0.0242,  -0.0226,  0.3403,  0.6627,  0.0152,  -0.0047,  -0.0023,  -0.1889,  -0.2560,  -0.1527],  
 [-0.0023,  0.0059,  0.0174,  0.1054,  0.0045,  -0.0089,  0.0009,  -0.0008,  0.0002,  0.0027,  -0.0025,  0.0155,  0.0059,  0.0092,  0.0308,  0.2645,  0.0178,  0.0151,  0.0050,  0.0176,  0.0196,  -0.2327,  -0.0922,  0.1348,  0.0008,  0.0012,  -0.0168,  -0.1120,  0.0106,  -0.0034],  
 [-0.0143,  0.0032,  0.0251,  0.1218,  0.1379,  -0.0011,  0.0017,  -0.0003,  -0.0000,  0.0109,  -0.0077,  0.0281,  -0.0053,  0.0141,  0.0459,  0.4167,  0.1792,  0.2175,  0.0242,  0.0196,  0.0438,  -0.4697,  -0.0530,  0.3494,  0.0078,  0.0028,  -0.0236,  -0.2220,  -0.0673,  -0.0324],  
 [0.0252,  -0.0702,  -0.3488,  -1.9520,  -1.0769,  0.7792,  -0.0515,  0.0048,  0.0002,  -0.3501,  0.0227,  -0.7807,  -0.2780,  -0.1224,  -0.6138,  -5.5984,  -0.1857,  -1.5086,  -0.0226,  -0.2327,  -0.4697,  7.3176,  0.9027,  -1.0008,  -0.0214,  -0.0806,  0.3259,  2.4351,  0.0070,  -0.4605],  
 [-0.3148,  -0.0634,  -0.0450,  -0.4674,  3.3836,  1.5484,  -0.0069,  -0.0039,  -0.0050,  0.1407,  -0.5034,  -0.0765,  -0.4843,  0.0297,  -0.0599,  1.2478,  6.1838,  2.6646,  0.3403,  -0.0922,  -0.0530,  0.9027,  7.6410,  2.2526,  0.0880,  -0.0334,  -0.0016,  -1.1022,  -2.4537,  -1.7301],  
 [-0.4393,  -0.0131,  0.0971,  0.2442,  2.1810,  1.8018,  -0.0463,  -0.0007,  0.0108,  -0.4429,  -0.2888,  -0.7061,  -0.8058,  0.2055,  0.2695,  1.9565,  5.0792,  4.3282,  0.6627,  0.1348,  0.3494,  -1.0008,  2.2526,  8.6937,  0.2254,  -0.1016,  -0.1019,  -1.7889,  -1.5862,  -2.3066],  
 [-0.0792,  -0.0195,  0.0036,  0.3076,  -0.0832,  0.0690,  0.0413,  0.0046,  0.0195,  -0.0503,  0.2308,  0.4764,  0.0013,  0.0300,  0.0581,  -0.0364,  0.3077,  1.7964,  0.0152,  0.0008,  0.0078,  -0.0214,  0.0880,  0.2254,  0.1042,  -0.0114,  0.0014,  -0.1746,  0.2210,  -0.1576],  
 [0.0186,  -0.0165,  -0.0103,  0.0195,  0.1022,  -0.2144,  -0.0081,  0.0056,  0.0031,  -0.0815,  -0.0543,  -0.0314,  0.0250,  0.0028,  0.0127,  -0.1688,  -0.0434,  -0.0631,  -0.0047,  0.0012,  0.0028,  -0.0806,  -0.0334,  -0.1016,  -0.0114,  0.0400,  0.0115,  -0.0917,  -0.0255,  0.1985],  
 [0.0058,  -0.0107,  -0.0765,  -0.0245,  0.1972,  -0.1199,  -0.0001,  0.0173,  0.0260,  -0.3707,  -0.0234,  0.1027,  0.0002,  -0.0090,  0.0001,  -1.0125,  -0.0892,  -0.0251,  -0.0023,  -0.0168,  -0.0236,  0.3259,  -0.0016,  -0.1019,  0.0014,  0.0115,  0.0932,  0.0296,  -0.1278,  0.0504],  
 [0.2756,  -0.0273,  -0.0365,  -4.1519,  -3.1918,  1.3361,  0.0183,  -0.1022,  -0.1371,  2.0793,  0.2504,  -0.5080,  -0.0561,  -0.2650,  -0.9335,  -0.4072,  -1.2712,  -4.3263,  -0.1889,  -0.1120,  -0.2220,  2.4351,  -1.1022,  -1.7889,  -0.1746,  -0.0917,  0.0296,  9.2745,  1.2791,  -1.1175],  
 [0.0349,  0.1099,  0.2460,  3.2431,  -13.2696,  1.9690,  0.3436,  0.0423,  0.2172,  -1.6932,  2.2767,  3.2082,  0.1818,  0.0444,  0.1912,  -0.8390,  0.5025,  1.3171,  -0.2560,  0.0106,  -0.0673,  0.0070,  -2.4537,  -1.5862,  0.2210,  -0.0255,  -0.1278,  1.2791,  24.9753,  -1.5068],  
 [0.1780,  -0.2208,  -0.1976,  -0.3351,  1.0101,  -19.6063,  0.1689,  -0.0016,  0.0761,  -0.2748,  1.5452,  2.0297,  2.0204,  0.2286,  -0.0307,  -5.4586,  2.6134,  6.8078,  -0.1527,  -0.0034,  -0.0324,  -0.4605,  -1.7301,  -2.3066,  -0.1576,  0.1985,  0.0504,  -1.1175,  -1.5068,  22.2894]]
[[74.1399,  1.4589,  -2.9741,  0.2116,  0.0177,  1.8499,  -7.6355,  -9.9371,  0.7892,  -0.2172,  -0.3134,  0.5536,  9.4308,  -6.1070,  8.3196,  0.3874,  -0.7943,  0.7384,  55.1581,  -2.9434,  -18.1609,  -0.2840,  0.9489,  -0.5034,  36.0884,  -18.7107,  -3.4925,  -0.0223,  -0.0326,  1.0236],  
 [1.4589,  58.6244,  -5.8297,  0.1712,  -0.3558,  -0.1400,  0.1857,  -18.5851,  -11.9909,  0.1361,  -0.2514,  1.5626,  0.4173,  6.2638,  -3.3447,  -0.3447,  -0.5190,  0.0812,  18.8661,  -12.4749,  2.8923,  0.1809,  0.2380,  -0.5109,  10.9323,  30.8994,  -2.3524,  0.3141,  -0.3235,  0.0753],  
 [-2.9741,  -5.8297,  40.3690,  -0.1161,  0.4902,  1.0178,  -6.8297,  4.5702,  -10.2653,  -0.5055,  -0.1176,  0.5140,  -1.4922,  0.5758,  0.3705,  -0.7981,  0.6986,  -0.0685,  -9.1261,  0.0487,  -4.5955,  -0.1257,  -0.3099,  0.1784,  -1.5015,  -3.1474,  23.3334,  0.0598,  -0.0555,  0.9974],  
 [0.2116,  0.1712,  -0.1161,  0.2087,  0.0271,  -0.0039,  0.1949,  0.1845,  -0.7011,  -0.0144,  -0.0149,  0.0172,  0.1057,  0.0128,  -0.5561,  0.0022,  -0.0329,  0.0042,  0.6886,  -0.1823,  0.2483,  0.0134,  0.0137,  -0.0032,  -0.1023,  0.0841,  -0.0455,  0.0495,  -0.0001,  -0.0025],  
 [0.0177,  -0.3558,  0.4902,  0.0271,  0.0765,  0.0031,  0.3911,  0.3890,  -0.0288,  -0.0001,  0.0000,  -0.0328,  -0.0196,  0.0074,  -0.1040,  -0.0177,  -0.0050,  -0.0016,  -0.0238,  0.2590,  -0.0550,  0.0084,  -0.0101,  -0.0053,  -0.0493,  -0.2509,  0.0487,  0.0165,  0.0304,  0.0021],  
 [1.8499,  -0.1400,  1.0178,  -0.0039,  0.0031,  0.3359,  0.7678,  0.3544,  0.0331,  -0.0074,  0.0130,  -0.0426,  0.5352,  -0.2491,  0.2574,  0.0023,  -0.0547,  0.0254,  2.3183,  0.1696,  -1.1024,  -0.0373,  0.0294,  -0.0145,  0.7471,  -0.2413,  0.8126,  0.0034,  -0.0142,  0.2579],  
 [-7.6355,  0.1857,  -6.8297,  0.1949,  0.3911,  0.7678,  348.2217,  105.3466,  -92.4413,  -5.6102,  -1.5403,  -17.5841,  8.3313,  7.4860,  -5.1692,  1.7475,  -8.3713,  0.1613,  157.7598,  41.3962,  -27.8758,  0.0428,  2.0253,  -5.7724,  -33.0103,  28.3256,  4.4654,  0.3899,  -0.0440,  0.6354],  
 [-9.9371,  -18.5851,  4.5702,  0.1845,  0.3890,  0.3544,  105.3466,  199.5267,  8.2254,  0.6763,  2.0086,  -10.0180,  10.9948,  1.2483,  -16.4210,  2.4355,  -3.6228,  -0.1268,  58.3268,  32.4255,  -9.5404,  0.2588,  1.2839,  -2.2787,  -3.3064,  -7.9776,  2.3802,  0.6617,  0.2754,  0.5838],  
 [0.7892,  -11.9909,  -10.2653,  -0.7011,  -0.0288,  0.0331,  -92.4413,  8.2254,  383.9937,  18.2302,  8.4320,  -9.4964,  5.9037,  3.9749,  -15.4914,  1.9870,  -0.9639,  -0.4264,  -7.3254,  7.6209,  33.8704,  1.2978,  1.4792,  -0.8720,  15.7462,  -4.3219,  -7.9768,  -0.2531,  -0.0576,  0.0347],  
 [-0.2172,  0.1361,  -0.5055,  -0.0144,  -0.0001,  -0.0074,  -5.6102,  0.6763,  18.2302,  1.2282,  0.3577,  -0.3053,  -0.1890,  -0.0224,  0.1584,  -0.0161,  0.0258,  -0.0049,  -1.1983,  0.2637,  1.7542,  0.0740,  0.0374,  -0.0196,  -0.1207,  0.0150,  -0.2602,  0.0001,  0.0084,  -0.0006],  
 [-0.3134,  -0.2514,  -0.1176,  -0.0149,  0.0000,  0.0130,  -1.5403,  2.0086,  8.4320,  0.3577,  0.4736,  -0.2249,  0.1247,  0.2794,  -0.8229,  0.0907,  -0.1386,  -0.0083,  1.1756,  0.7833,  0.8018,  0.0386,  0.0910,  -0.0662,  -0.2928,  0.2846,  -0.0305,  -0.0079,  -0.0081,  0.0158],  
 [0.5536,  1.5626,  0.5140,  0.0172,  -0.0328,  -0.0426,  -17.5841,  -10.0180,  -9.4964,  -0.3053,  -0.2249,  1.7972,  -1.3251,  -0.5946,  0.9295,  -0.2503,  0.4584,  0.0264,  -8.2104,  -2.8773,  0.1242,  -0.0573,  -0.1656,  0.3867,  0.0885,  -0.4681,  -0.5027,  -0.0501,  -0.0114,  -0.0305],  
 [9.4308,  0.4173,  -1.4922,  0.1057,  -0.0196,  0.5352,  8.3313,  10.9948,  5.9037,  -0.1890,  0.1247,  -1.3251,  11.6937,  -0.1316,  0.0215,  0.6467,  -0.5073,  0.2696,  15.6400,  -6.4042,  -10.9064,  -0.1452,  0.1696,  0.5897,  1.0094,  -1.9243,  0.6056,  0.1049,  -0.0171,  -0.3185],  
 [-6.1070,  6.2638,  0.5758,  0.0128,  0.0074,  -0.2491,  7.4860,  1.2483,  3.9749,  -0.0224,  0.2794,  -0.5946,  -0.1316,  17.0217,  -6.3708,  -0.0263,  -0.3795,  -0.1063,  3.6285,  0.6352,  5.2017,  -0.0195,  0.1607,  -0.6664,  -2.9872,  4.0790,  2.0543,  0.0532,  -0.0180,  -0.3249],  
 [8.3196,  -3.3447,  0.3705,  -0.5561,  -0.1040,  0.2574,  -5.1692,  -16.4210,  -15.4914,  0.1584,  -0.8229,  0.9295,  0.0215,  -6.3708,  18.8020,  -0.2978,  0.9095,  0.2035,  -1.4497,  -14.7150,  -8.6485,  0.0829,  -0.6031,  0.4320,  -3.6126,  -4.8309,  -0.6510,  0.4508,  -0.0356,  0.0533],  
 [0.3874,  -0.3447,  -0.7981,  0.0022,  -0.0177,  0.0023,  1.7475,  2.4355,  1.9870,  -0.0161,  0.0907,  -0.2503,  0.6467,  -0.0263,  -0.2978,  0.2653,  -0.0873,  -0.0014,  1.2543,  -0.9983,  -1.5702,  -0.0128,  -0.0092,  0.0719,  0.3419,  0.1826,  0.8933,  -0.0097,  0.0004,  0.0136],  
 [-0.7943,  -0.5190,  0.6986,  -0.0329,  -0.0050,  -0.0547,  -8.3713,  -3.6228,  -0.9639,  0.0258,  -0.1386,  0.4584,  -0.5073,  -0.3795,  0.9095,  -0.0873,  0.4295,  -0.0013,  -7.7576,  -2.1541,  0.1625,  -0.0307,  -0.1768,  0.2921,  0.0582,  -0.8629,  0.4330,  -0.0181,  -0.0052,  -0.0581],  
 [0.7384,  0.0812,  -0.0685,  0.0042,  -0.0016,  0.0254,  0.1613,  -0.1268,  -0.4264,  -0.0049,  -0.0083,  0.0264,  0.2696,  -0.1063,  0.2035,  -0.0014,  -0.0013,  0.0455,  0.5782,  -0.2073,  -0.6538,  -0.0124,  -0.0089,  0.0274,  -0.5334,  -0.1539,  -0.0598,  -0.0018,  -0.0029,  -0.0197],  
 [55.1581,  18.8661,  -9.1261,  0.6886,  -0.0238,  2.3183,  157.7598,  58.3268,  -7.3254,  -1.1983,  1.1756,  -8.2104,  15.6400,  3.6285,  -1.4497,  1.2543,  -7.7576,  0.5782,  300.8567,  54.7318,  -103.4326,  -4.3393,  -0.0088,  -12.0100,  19.0249,  3.1842,  -11.3296,  1.3947,  0.1850,  1.5852],  
 [-2.9434,  -12.4749,  0.0487,  -0.1823,  0.2590,  0.1696,  41.3962,  32.4255,  7.6209,  0.2637,  0.7833,  -2.8773,  -6.4042,  0.6352,  -14.7150,  -0.9983,  -2.1541,  -0.2073,  54.7318,  191.8383,  1.7871,  2.3583,  2.8351,  -6.4589,  8.3045,  -9.0826,  3.9385,  0.2872,  0.3279,  0.7083],  
 [-18.1609,  2.8923,  -4.5955,  0.2483,  -0.0550,  -1.1024,  -27.8758,  -9.5404,  33.8704,  1.7542,  0.8018,  0.1242,  -10.9064,  5.2017,  -8.6485,  -1.5702,  0.1625,  -0.6538,  -103.4326,  1.7871,  418.2185,  21.7472,  6.9352,  -9.2338,  6.8292,  -8.1235,  -2.2566,  0.9583,  0.3628,  0.0679],  
 [-0.2840,  0.1809,  -0.1257,  0.0134,  0.0084,  -0.0373,  0.0428,  0.2588,  1.2978,  0.0740,  0.0386,  -0.0573,  -0.1452,  -0.0195,  0.0829,  -0.0128,  -0.0307,  -0.0124,  -4.3393,  2.3583,  21.7472,  1.4648,  0.3755,  -0.4970,  0.1224,  0.0595,  -0.1885,  0.0463,  0.0181,  0.0009],  
 [0.9489,  0.2380,  -0.3099,  0.0137,  -0.0101,  0.0294,  2.0253,  1.2839,  1.4792,  0.0374,  0.0910,  -0.1656,  0.1696,  0.1607,  -0.6031,  -0.0092,  -0.1768,  -0.0089,  -0.0088,  2.8351,  6.9352,  0.3755,  0.4382,  -0.2045,  0.8104,  -0.1179,  -0.0581,  0.0309,  0.0119,  0.0512],  
 [-0.5034,  -0.5109,  0.1784,  -0.0032,  -0.0053,  -0.0145,  -5.7724,  -2.2787,  -0.8720,  -0.0196,  -0.0662,  0.3867,  0.5897,  -0.6664,  0.4320,  0.0719,  0.2921,  0.0274,  -12.0100,  -6.4589,  -9.2338,  -0.4970,  -0.2045,  1.3326,  -1.3986,  0.7645,  0.6079,  -0.1087,  -0.0289,  -0.0778],  
 [36.0884,  10.9323,  -1.5015,  -0.1023,  -0.0493,  0.7471,  -33.0103,  -3.3064,  15.7462,  -0.1207,  -0.2928,  0.0885,  1.0094,  -2.9872,  -3.6126,  0.3419,  0.0582,  -0.5334,  19.0249,  8.3045,  6.8292,  0.1224,  0.8104,  -1.3986,  62.3921,  -4.3876,  -1.8138,  0.1744,  -0.0514,  1.3974],  
 [-18.7107,  30.8994,  -3.1474,  0.0841,  -0.2509,  -0.2413,  28.3256,  -7.9776,  -4.3219,  0.0150,  0.2846,  -0.4681,  -1.9243,  4.0790,  -4.8309,  0.1826,  -0.8629,  -0.1539,  3.1842,  -9.0826,  -8.1235,  0.0595,  -0.1179,  0.7645,  -4.3876,  57.8312,  -3.2404,  0.2224,  -0.3165,  -0.0996],  
 [-3.4925,  -2.3524,  23.3334,  -0.0455,  0.0487,  0.8126,  4.4654,  2.3802,  -7.9768,  -0.2602,  -0.0305,  -0.5027,  0.6056,  2.0543,  -0.6510,  0.8933,  0.4330,  -0.0598,  -11.3296,  3.9385,  -2.2566,  -0.1885,  -0.0581,  0.6079,  -1.8138,  -3.2404,  43.5044,  -0.1049,  0.0357,  0.9599],  
 [-0.0223,  0.3141,  0.0598,  0.0495,  0.0165,  0.0034,  0.3899,  0.6617,  -0.2531,  0.0001,  -0.0079,  -0.0501,  0.1049,  0.0532,  0.4508,  -0.0097,  -0.0181,  -0.0018,  1.3947,  0.2872,  0.9583,  0.0463,  0.0309,  -0.1087,  0.1744,  0.2224,  -0.1049,  0.2139,  -0.0003,  0.0140],  
 [-0.0326,  -0.3235,  -0.0555,  -0.0001,  0.0304,  -0.0142,  -0.0440,  0.2754,  -0.0576,  0.0084,  -0.0081,  -0.0114,  -0.0171,  -0.0180,  -0.0356,  0.0004,  -0.0052,  -0.0029,  0.1850,  0.3279,  0.3628,  0.0181,  0.0119,  -0.0289,  -0.0514,  -0.3165,  0.0357,  -0.0003,  0.0656,  -0.0048],  
 [1.0236,  0.0753,  0.9974,  -0.0025,  0.0021,  0.2579,  0.6354,  0.5838,  0.0347,  -0.0006,  0.0158,  -0.0305,  -0.3185,  -0.3249,  0.0533,  0.0136,  -0.0581,  -0.0197,  1.5852,  0.7083,  0.0679,  0.0009,  0.0512,  -0.0778,  1.3974,  -0.0996,  0.9599,  0.0140,  -0.0048,  0.3342]]
