[0.9780,  -8.9757,  0.7853,  -0.0903,  -0.1005,  -0.0502,  7.1054,  -38.3832,  -36.0810,  -3.2160,  8.3859,  -1.2663,  -0.0000,  2.9492,  37.3597,  0.0000,  0.3306,  3.3743,  7.1054,  -38.3832,  -36.0810,  -3.2160,  8.3859,  -1.2663,  -0.9780,  -8.9757,  0.7853,  0.0903,  -0.1005,  -0.0502]
[[0.0744,  0.0089,  -0.0044,  -0.1226,  -0.1810,  0.0832,  -0.0054,  0.0013,  -0.0033,  -0.0129,  0.0079,  -0.1308,  0.0106,  -0.0192,  -0.0339,  -0.0745,  -0.1300,  -1.3208,  -0.0280,  -0.0023,  -0.0126,  0.0302,  -0.1546,  -0.3308,  -0.0506,  0.0103,  -0.0008,  0.2131,  0.1247,  -0.0534],  
 [0.0089,  0.0225,  0.0068,  0.0504,  -0.0107,  0.0882,  -0.0023,  0.0015,  0.0016,  -0.0560,  -0.0070,  -0.0766,  -0.0159,  -0.0010,  0.0082,  0.1051,  -0.0149,  -0.1294,  -0.0054,  0.0033,  0.0011,  -0.0442,  -0.0129,  -0.0046,  -0.0103,  -0.0052,  -0.0069,  0.0045,  0.0851,  -0.0895],  
 [-0.0044,  0.0068,  0.0685,  -0.0194,  -0.0978,  0.1309,  -0.0019,  -0.0101,  -0.0151,  0.2301,  -0.0229,  -0.0745,  -0.0141,  -0.0027,  0.0032,  0.7315,  -0.0584,  0.0317,  0.0016,  0.0101,  0.0163,  -0.2415,  0.0177,  0.0958,  0.0008,  -0.0069,  -0.0546,  0.0101,  0.1483,  -0.2108],  
 [-0.1226,  0.0504,  -0.0194,  7.2225,  -1.0344,  0.4331,  0.1496,  0.0978,  0.1621,  -1.7939,  0.8287,  1.5835,  -0.0108,  0.1775,  0.5956,  -0.5510,  0.6369,  3.7096,  -0.0664,  0.0639,  0.0384,  -0.9211,  -0.3822,  -0.0757,  0.2131,  -0.0045,  -0.0101,  -1.9799,  1.8563,  -0.6694],  
 [-0.1810,  -0.0107,  -0.0978,  -1.0344,  19.4001,  -1.0534,  -0.2197,  -0.0293,  -0.1232,  1.1225,  -1.6316,  -1.2929,  0.0340,  0.0336,  0.0824,  1.9250,  0.9050,  2.2278,  0.2674,  0.0456,  0.1772,  -1.8363,  2.0100,  1.7859,  -0.1247,  0.0851,  0.1483,  -1.8563,  -12.4621,  2.4446],  
 [0.0832,  0.0882,  0.1309,  0.4331,  -1.0534,  12.1441,  -0.0818,  -0.0105,  -0.0567,  0.3010,  -0.9547,  -1.6077,  -1.2381,  0.0525,  -0.0575,  4.3935,  0.8651,  0.8031,  0.1058,  0.0011,  0.0486,  -0.0402,  1.1356,  1.6983,  0.0534,  -0.0895,  -0.2108,  0.6694,  2.4446,  -9.5528],  
 [-0.0054,  -0.0023,  -0.0019,  0.1496,  -0.2197,  -0.0818,  0.0548,  0.0085,  0.0268,  -0.0937,  0.1857,  0.5830,  0.0458,  0.0052,  0.0030,  -0.1089,  0.5615,  0.1958,  -0.0080,  -0.0011,  -0.0040,  0.0039,  -0.0049,  -0.0899,  0.0280,  -0.0054,  0.0016,  0.0664,  0.2674,  0.1058],  
 [0.0013,  0.0015,  -0.0101,  0.0978,  -0.0293,  -0.0105,  0.0085,  0.0137,  0.0134,  -0.1484,  0.0088,  0.1502,  0.0016,  0.0038,  0.0192,  -0.1705,  0.1150,  -0.0221,  -0.0011,  -0.0003,  -0.0009,  -0.0072,  0.0289,  -0.0165,  0.0023,  0.0033,  0.0101,  -0.0639,  0.0456,  0.0011],  
 [-0.0033,  0.0016,  -0.0151,  0.1621,  -0.1232,  -0.0567,  0.0268,  0.0134,  0.0359,  -0.3571,  -0.0101,  0.3495,  0.0125,  0.0066,  0.0253,  -0.3027,  0.2646,  0.1203,  -0.0040,  -0.0009,  -0.0063,  0.0444,  0.0567,  -0.0487,  0.0126,  0.0011,  0.0163,  -0.0384,  0.1772,  0.0486],  
 [-0.0129,  -0.0560,  0.2301,  -1.7939,  1.1225,  0.3010,  -0.0937,  -0.1484,  -0.3571,  5.6735,  -0.0359,  -1.4045,  0.0975,  -0.0657,  -0.3813,  4.6436,  -1.3925,  -0.3125,  0.0039,  -0.0072,  0.0444,  -0.7100,  -0.0207,  -0.1483,  -0.0302,  -0.0442,  -0.2415,  0.9211,  -1.8363,  -0.0402],  
 [0.0079,  -0.0070,  -0.0229,  0.8287,  -1.6316,  -0.9547,  0.1857,  0.0088,  -0.0101,  -0.0359,  4.7022,  1.4466,  0.2936,  0.0267,  0.0043,  -1.7784,  2.8406,  0.9651,  -0.0049,  0.0289,  0.0567,  -0.0207,  -2.3849,  0.4663,  0.1546,  -0.0129,  0.0177,  0.3822,  2.0100,  1.1356],  
 [-0.1308,  -0.0766,  -0.0745,  1.5835,  -1.2929,  -1.6077,  0.5830,  0.1502,  0.3495,  -1.4045,  1.4466,  7.9391,  0.6269,  0.1129,  0.1728,  -1.4089,  4.9456,  2.9176,  -0.0899,  -0.0165,  -0.0487,  -0.1483,  0.4663,  -1.4047,  0.3308,  -0.0046,  0.0958,  0.0757,  1.7859,  1.6983],  
 [0.0106,  -0.0159,  -0.0141,  -0.0108,  0.0340,  -1.2381,  0.0458,  0.0016,  0.0125,  0.0975,  0.2936,  0.6269,  0.2833,  -0.0000,  -0.0000,  -0.5042,  -0.0000,  -0.0000,  -0.0458,  -0.0016,  -0.0125,  -0.0975,  -0.2936,  -0.6269,  0.0106,  0.0159,  0.0141,  -0.0108,  -0.0340,  1.2381],  
 [-0.0192,  -0.0010,  -0.0027,  0.1775,  0.0336,  0.0525,  0.0052,  0.0038,  0.0066,  -0.0657,  0.0267,  0.1129,  -0.0000,  0.0423,  0.0430,  -0.0000,  0.1070,  0.3330,  0.0052,  0.0038,  0.0066,  -0.0657,  0.0267,  0.1129,  0.0192,  -0.0010,  -0.0027,  -0.1775,  0.0336,  0.0525],  
 [-0.0339,  0.0082,  0.0032,  0.5956,  0.0824,  -0.0575,  0.0030,  0.0192,  0.0253,  -0.3813,  0.0043,  0.1728,  -0.0000,  0.0430,  0.1658,  -0.0000,  -0.1710,  0.6178,  0.0030,  0.0192,  0.0253,  -0.3813,  0.0043,  0.1728,  0.0339,  0.0082,  0.0032,  -0.5956,  0.0824,  -0.0575],  
 [-0.0745,  0.1051,  0.7315,  -0.5510,  1.9250,  4.3935,  -0.1089,  -0.1705,  -0.3027,  4.6436,  -1.7784,  -1.4089,  -0.5042,  -0.0000,  -0.0000,  14.8303,  -0.0000,  0.0000,  0.1089,  0.1705,  0.3027,  -4.6436,  1.7784,  1.4089,  -0.0745,  -0.1051,  -0.7315,  -0.5510,  -1.9250,  -4.3935],  
 [-0.1300,  -0.0149,  -0.0584,  0.6369,  0.9050,  0.8651,  0.5615,  0.1150,  0.2646,  -1.3925,  2.8406,  4.9456,  -0.0000,  0.1070,  -0.1710,  -0.0000,  18.4151,  -0.7376,  0.5615,  0.1150,  0.2646,  -1.3925,  2.8406,  4.9456,  0.1300,  -0.0149,  -0.0584,  -0.6369,  0.9050,  0.8651],  
 [-1.3208,  -0.1294,  0.0317,  3.7096,  2.2278,  0.8031,  0.1958,  -0.0221,  0.1203,  -0.3125,  0.9651,  2.9176,  -0.0000,  0.3330,  0.6178,  0.0000,  -0.7376,  46.9412,  0.1958,  -0.0221,  0.1203,  -0.3125,  0.9651,  2.9176,  1.3208,  -0.1294,  0.0317,  -3.7096,  2.2278,  0.8031],  
 [-0.0280,  -0.0054,  0.0016,  -0.0664,  0.2674,  0.1058,  -0.0080,  -0.0011,  -0.0040,  0.0039,  -0.0049,  -0.0899,  -0.0458,  0.0052,  0.0030,  0.1089,  0.5615,  0.1958,  0.0548,  0.0085,  0.0268,  -0.0937,  0.1857,  0.5830,  0.0054,  -0.0023,  -0.0019,  -0.1496,  -0.2197,  -0.0818],  
 [-0.0023,  0.0033,  0.0101,  0.0639,  0.0456,  0.0011,  -0.0011,  -0.0003,  -0.0009,  -0.0072,  0.0289,  -0.0165,  -0.0016,  0.0038,  0.0192,  0.1705,  0.1150,  -0.0221,  0.0085,  0.0137,  0.0134,  -0.1484,  0.0088,  0.1502,  -0.0013,  0.0015,  -0.0101,  -0.0978,  -0.0293,  -0.0105],  
 [-0.0126,  0.0011,  0.0163,  0.0384,  0.1772,  0.0486,  -0.0040,  -0.0009,  -0.0063,  0.0444,  0.0567,  -0.0487,  -0.0125,  0.0066,  0.0253,  0.3027,  0.2646,  0.1203,  0.0268,  0.0134,  0.0359,  -0.3571,  -0.0101,  0.3495,  0.0033,  0.0016,  -0.0151,  -0.1621,  -0.1232,  -0.0567],  
 [0.0302,  -0.0442,  -0.2415,  -0.9211,  -1.8363,  -0.0402,  0.0039,  -0.0072,  0.0444,  -0.7100,  -0.0207,  -0.1483,  -0.0975,  -0.0657,  -0.3813,  -4.6436,  -1.3925,  -0.3125,  -0.0937,  -0.1484,  -0.3571,  5.6735,  -0.0359,  -1.4045,  0.0129,  -0.0560,  0.2301,  1.7939,  1.1225,  0.3010],  
 [-0.1546,  -0.0129,  0.0177,  -0.3822,  2.0100,  1.1356,  -0.0049,  0.0289,  0.0567,  -0.0207,  -2.3849,  0.4663,  -0.2936,  0.0267,  0.0043,  1.7784,  2.8406,  0.9651,  0.1857,  0.0088,  -0.0101,  -0.0359,  4.7022,  1.4466,  -0.0079,  -0.0070,  -0.0229,  -0.8287,  -1.6316,  -0.9547],  
 [-0.3308,  -0.0046,  0.0958,  -0.0757,  1.7859,  1.6983,  -0.0899,  -0.0165,  -0.0487,  -0.1483,  0.4663,  -1.4047,  -0.6269,  0.1129,  0.1728,  1.4089,  4.9456,  2.9176,  0.5830,  0.1502,  0.3495,  -1.4045,  1.4466,  7.9391,  0.1308,  -0.0766,  -0.0745,  -1.5835,  -1.2929,  -1.6077],  
 [-0.0506,  -0.0103,  0.0008,  0.2131,  -0.1247,  0.0534,  0.0280,  0.0023,  0.0126,  -0.0302,  0.1546,  0.3308,  0.0106,  0.0192,  0.0339,  -0.0745,  0.1300,  1.3208,  0.0054,  -0.0013,  0.0033,  0.0129,  -0.0079,  0.1308,  0.0744,  -0.0089,  0.0044,  -0.1226,  0.1810,  -0.0832],  
 [0.0103,  -0.0052,  -0.0069,  -0.0045,  0.0851,  -0.0895,  -0.0054,  0.0033,  0.0011,  -0.0442,  -0.0129,  -0.0046,  0.0159,  -0.0010,  0.0082,  -0.1051,  -0.0149,  -0.1294,  -0.0023,  0.0015,  0.0016,  -0.0560,  -0.0070,  -0.0766,  -0.0089,  0.0225,  0.0068,  -0.0504,  -0.0107,  0.0882],  
 [-0.0008,  -0.0069,  -0.0546,  -0.0101,  0.1483,  -0.2108,  0.0016,  0.0101,  0.0163,  -0.2415,  0.0177,  0.0958,  0.0141,  -0.0027,  0.0032,  -0.7315,  -0.0584,  0.0317,  -0.0019,  -0.0101,  -0.0151,  0.2301,  -0.0229,  -0.0745,  0.0044,  0.0068,  0.0685,  0.0194,  -0.0978,  0.1309],  
 [0.2131,  0.0045,  0.0101,  -1.9799,  -1.8563,  0.6694,  0.0664,  -0.0639,  -0.0384,  0.9211,  0.3822,  0.0757,  -0.0108,  -0.1775,  -0.5956,  -0.5510,  -0.6369,  -3.7096,  -0.1496,  -0.0978,  -0.1621,  1.7939,  -0.8287,  -1.5835,  -0.1226,  -0.0504,  0.0194,  7.2225,  1.0344,  -0.4331],  
 [0.1247,  0.0851,  0.1483,  1.8563,  -12.4621,  2.4446,  0.2674,  0.0456,  0.1772,  -1.8363,  2.0100,  1.7859,  -0.0340,  0.0336,  0.0824,  -1.9250,  0.9050,  2.2278,  -0.2197,  -0.0293,  -0.1232,  1.1225,  -1.6316,  -1.2929,  0.1810,  -0.0107,  -0.0978,  1.0344,  19.4001,  -1.0534],  
 [-0.0534,  -0.0895,  -0.2108,  -0.6694,  2.4446,  -9.5528,  0.1058,  0.0011,  0.0486,  -0.0402,  1.1356,  1.6983,  1.2381,  0.0525,  -0.0575,  -4.3935,  0.8651,  0.8031,  -0.0818,  -0.0105,  -0.0567,  0.3010,  -0.9547,  -1.6077,  -0.0832,  0.0882,  0.1309,  -0.4331,  -1.0534,  12.1441]]
[[73.9817,  1.5861,  3.3410,  0.3077,  -0.0113,  -1.3380,  -15.1256,  -13.4797,  -11.5346,  -0.2565,  -0.4386,  1.9415,  -4.3271,  5.5008,  6.3050,  0.0801,  -0.4536,  0.9510,  39.3124,  -5.1918,  4.7781,  0.6238,  1.1195,  -0.8800,  27.9693,  -19.7561,  0.1389,  0.1168,  -0.1047,  0.3227],  
 [1.5861,  86.9202,  1.6695,  0.1714,  -0.5645,  0.3645,  24.7518,  -7.7970,  -12.7412,  0.1064,  0.0985,  0.6973,  -0.6877,  9.3933,  -11.2987,  -1.0950,  -2.4351,  -0.3640,  69.9928,  11.6070,  7.9433,  -0.0707,  0.8867,  -3.5644,  19.7561,  26.8163,  -0.8371,  -0.0622,  -0.4579,  0.6196],  
 [3.3410,  1.6695,  70.0166,  0.5005,  -0.7358,  1.9413,  -11.7133,  -3.6090,  -10.7074,  -0.3271,  -0.5580,  0.7940,  -2.0701,  3.6371,  -1.3502,  -1.5079,  0.8964,  0.0688,  1.4109,  -0.0070,  -6.8576,  -0.3326,  -0.3079,  -0.7719,  -0.1389,  -0.8371,  44.0471,  -0.4838,  -1.0455,  1.8872],  
 [0.3077,  0.1714,  0.5005,  0.2440,  -0.0109,  0.0151,  -1.2804,  -0.7733,  -0.7340,  -0.0359,  -0.0331,  0.1056,  0.1212,  -0.1928,  -0.7034,  -0.0006,  0.0031,  -0.0057,  0.2307,  -0.7125,  0.1228,  -0.0062,  0.0117,  0.0319,  0.1168,  0.0622,  0.4838,  0.0057,  -0.0100,  0.0276],  
 [-0.0113,  -0.5645,  -0.7358,  -0.0109,  0.1296,  -0.0771,  0.3970,  0.5151,  0.4318,  0.0131,  0.0126,  -0.0355,  -0.0362,  0.1578,  -0.1491,  -0.0132,  -0.0239,  -0.0098,  -0.0837,  0.4560,  0.1507,  0.0164,  -0.0032,  -0.0073,  0.1047,  -0.4579,  -1.0455,  0.0100,  0.0834,  -0.0840],  
 [-1.3380,  0.3645,  1.9413,  0.0151,  -0.0771,  0.4131,  0.6816,  -0.0830,  0.0087,  -0.0175,  0.0161,  -0.0477,  0.6012,  -0.9318,  0.1470,  -0.0278,  -0.0294,  -0.0321,  0.2766,  0.0700,  -0.6198,  -0.0435,  -0.0076,  0.0051,  -0.3227,  0.6196,  1.8872,  -0.0276,  -0.0840,  0.2734],  
 [-15.1256,  24.7518,  -11.7133,  -1.2804,  0.3970,  0.6816,  553.5885,  168.6078,  -52.7867,  -5.0330,  5.0994,  -27.3776,  0.5806,  91.6632,  -52.5054,  0.9048,  -20.6309,  -0.4062,  367.9277,  130.4121,  18.1092,  -1.0137,  7.0335,  -17.3514,  -39.3124,  69.9928,  1.4109,  -0.2307,  -0.0837,  0.2766],  
 [-13.4797,  -7.7970,  -3.6090,  -0.7733,  0.5151,  -0.0830,  168.6078,  243.9362,  10.5538,  -0.0661,  2.5257,  -13.3896,  10.6126,  39.8078,  -37.1992,  2.8611,  -7.2135,  -0.3309,  130.4121,  66.9161,  -2.9871,  0.3555,  1.1740,  -6.0817,  5.1918,  11.6070,  -0.0070,  0.7125,  0.4560,  0.0700],  
 [-11.5346,  -12.7412,  -10.7074,  -0.7340,  0.4318,  0.0087,  -52.7867,  10.5538,  400.5793,  18.8454,  8.6768,  -10.3621,  6.0102,  12.0990,  -10.2804,  1.9814,  -2.2911,  -0.4389,  18.1092,  -2.9871,  59.5290,  2.9389,  1.0389,  -2.4090,  -4.7781,  7.9433,  -6.8576,  -0.1228,  0.1507,  -0.6198],  
 [-0.2565,  0.1064,  -0.3271,  -0.0359,  0.0131,  -0.0175,  -5.0330,  -0.0661,  18.8454,  1.3365,  0.2834,  -0.2778,  -0.2956,  -0.2402,  0.8886,  -0.0821,  0.0495,  0.0004,  -1.0137,  0.3555,  2.9389,  0.1717,  -0.0191,  -0.0705,  -0.6238,  -0.0707,  -0.3326,  0.0062,  0.0164,  -0.0435],  
 [-0.4386,  0.0985,  -0.5580,  -0.0331,  0.0126,  0.0161,  5.0994,  2.5257,  8.6768,  0.2834,  0.7808,  -0.5344,  0.0511,  1.7633,  -1.2729,  0.0969,  -0.4648,  -0.0181,  7.0335,  1.1740,  1.0389,  -0.0191,  0.3891,  -0.3904,  -1.1195,  0.8867,  -0.3079,  -0.0117,  -0.0032,  -0.0076],  
 [1.9415,  0.6973,  0.7940,  0.1056,  -0.0355,  -0.0477,  -27.3776,  -13.3896,  -10.3621,  -0.2778,  -0.5344,  2.2529,  -1.1691,  -5.2549,  2.9567,  -0.2575,  0.9959,  0.0569,  -17.3514,  -6.0817,  -2.4090,  -0.0705,  -0.3904,  0.9281,  0.8800,  -3.5644,  -0.7719,  -0.0319,  -0.0073,  0.0051],  
 [-4.3271,  -0.6877,  -2.0701,  0.1212,  -0.0362,  0.6012,  0.5806,  10.6126,  6.0102,  -0.2956,  0.0511,  -1.1691,  14.7134,  -0.0000,  0.0000,  0.8060,  -0.0000,  -0.0000,  -0.5806,  -10.6126,  -6.0102,  0.2956,  -0.0511,  1.1691,  -4.3271,  0.6877,  2.0701,  0.1212,  0.0362,  -0.6012],  
 [5.5008,  9.3933,  3.6371,  -0.1928,  0.1578,  -0.9318,  91.6632,  39.8078,  12.0990,  -0.2402,  1.7633,  -5.2549,  -0.0000,  62.3370,  -25.6033,  0.0000,  -4.5910,  0.0149,  91.6632,  39.8078,  12.0990,  -0.2402,  1.7633,  -5.2549,  -5.5008,  9.3933,  3.6371,  0.1928,  0.1578,  -0.9318],  
 [6.3050,  -11.2987,  -1.3502,  -0.7034,  -0.1491,  0.1470,  -52.5054,  -37.1992,  -10.2804,  0.8886,  -1.2729,  2.9567,  0.0000,  -25.6033,  35.7008,  -0.0000,  3.5064,  0.3337,  -52.5054,  -37.1992,  -10.2804,  0.8886,  -1.2729,  2.9567,  -6.3050,  -11.2987,  -1.3502,  0.7034,  -0.1491,  0.1470],  
 [0.0801,  -1.0950,  -1.5079,  -0.0006,  -0.0132,  -0.0278,  0.9048,  2.8611,  1.9814,  -0.0821,  0.0969,  -0.2575,  0.8060,  0.0000,  -0.0000,  0.4655,  -0.0000,  0.0000,  -0.9048,  -2.8611,  -1.9814,  0.0821,  -0.0969,  0.2575,  0.0801,  1.0950,  1.5079,  -0.0006,  0.0132,  0.0278],  
 [-0.4536,  -2.4351,  0.8964,  0.0031,  -0.0239,  -0.0294,  -20.6309,  -7.2135,  -2.2911,  0.0495,  -0.4648,  0.9959,  -0.0000,  -4.5910,  3.5064,  -0.0000,  1.1455,  0.0401,  -20.6309,  -7.2135,  -2.2911,  0.0495,  -0.4648,  0.9959,  0.4536,  -2.4351,  0.8964,  -0.0031,  -0.0239,  -0.0294],  
 [0.9510,  -0.3640,  0.0688,  -0.0057,  -0.0098,  -0.0321,  -0.4062,  -0.3309,  -0.4389,  0.0004,  -0.0181,  0.0569,  -0.0000,  0.0149,  0.3337,  0.0000,  0.0401,  0.0708,  -0.4062,  -0.3309,  -0.4389,  0.0004,  -0.0181,  0.0569,  -0.9510,  -0.3640,  0.0688,  0.0057,  -0.0098,  -0.0321],  
 [39.3124,  69.9928,  1.4109,  0.2307,  -0.0837,  0.2766,  367.9277,  130.4121,  18.1092,  -1.0137,  7.0335,  -17.3514,  -0.5806,  91.6632,  -52.5054,  -0.9048,  -20.6309,  -0.4062,  553.5885,  168.6078,  -52.7867,  -5.0330,  5.0994,  -27.3776,  15.1256,  24.7518,  -11.7133,  1.2804,  0.3970,  0.6816],  
 [-5.1918,  11.6070,  -0.0070,  -0.7125,  0.4560,  0.0700,  130.4121,  66.9161,  -2.9871,  0.3555,  1.1740,  -6.0817,  -10.6126,  39.8078,  -37.1992,  -2.8611,  -7.2135,  -0.3309,  168.6078,  243.9362,  10.5538,  -0.0661,  2.5257,  -13.3896,  13.4797,  -7.7970,  -3.6090,  0.7733,  0.5151,  -0.0830],  
 [4.7781,  7.9433,  -6.8576,  0.1228,  0.1507,  -0.6198,  18.1092,  -2.9871,  59.5290,  2.9389,  1.0389,  -2.4090,  -6.0102,  12.0990,  -10.2804,  -1.9814,  -2.2911,  -0.4389,  -52.7867,  10.5538,  400.5793,  18.8454,  8.6768,  -10.3621,  11.5346,  -12.7412,  -10.7074,  0.7340,  0.4318,  0.0087],  
 [0.6238,  -0.0707,  -0.3326,  -0.0062,  0.0164,  -0.0435,  -1.0137,  0.3555,  2.9389,  0.1717,  -0.0191,  -0.0705,  0.2956,  -0.2402,  0.8886,  0.0821,  0.0495,  0.0004,  -5.0330,  -0.0661,  18.8454,  1.3365,  0.2834,  -0.2778,  0.2565,  0.1064,  -0.3271,  0.0359,  0.0131,  -0.0175],  
 [1.1195,  0.8867,  -0.3079,  0.0117,  -0.0032,  -0.0076,  7.0335,  1.1740,  1.0389,  -0.0191,  0.3891,  -0.3904,  -0.0511,  1.7633,  -1.2729,  -0.0969,  -0.4648,  -0.0181,  5.0994,  2.5257,  8.6768,  0.2834,  0.7808,  -0.5344,  0.4386,  0.0985,  -0.5580,  0.0331,  0.0126,  0.0161],  
 [-0.8800,  -3.5644,  -0.7719,  0.0319,  -0.0073,  0.0051,  -17.3514,  -6.0817,  -2.4090,  -0.0705,  -0.3904,  0.9281,  1.1691,  -5.2549,  2.9567,  0.2575,  0.9959,  0.0569,  -27.3776,  -13.3896,  -10.3621,  -0.2778,  -0.5344,  2.2529,  -1.9415,  0.6973,  0.7940,  -0.1056,  -0.0355,  -0.0477],  
 [27.9693,  19.7561,  -0.1389,  0.1168,  0.1047,  -0.3227,  -39.3124,  5.1918,  -4.7781,  -0.6238,  -1.1195,  0.8800,  -4.3271,  -5.5008,  -6.3050,  0.0801,  0.4536,  -0.9510,  15.1256,  13.4797,  11.5346,  0.2565,  0.4386,  -1.9415,  73.9817,  -1.5861,  -3.3410,  0.3077,  0.0113,  1.3380],  
 [-19.7561,  26.8163,  -0.8371,  0.0622,  -0.4579,  0.6196,  69.9928,  11.6070,  7.9433,  -0.0707,  0.8867,  -3.5644,  0.6877,  9.3933,  -11.2987,  1.0950,  -2.4351,  -0.3640,  24.7518,  -7.7970,  -12.7412,  0.1064,  0.0985,  0.6973,  -1.5861,  86.9202,  1.6695,  -0.1714,  -0.5645,  0.3645],  
 [0.1389,  -0.8371,  44.0471,  0.4838,  -1.0455,  1.8872,  1.4109,  -0.0070,  -6.8576,  -0.3326,  -0.3079,  -0.7719,  2.0701,  3.6371,  -1.3502,  1.5079,  0.8964,  0.0688,  -11.7133,  -3.6090,  -10.7074,  -0.3271,  -0.5580,  0.7940,  -3.3410,  1.6695,  70.0166,  -0.5005,  -0.7358,  1.9413],  
 [0.1168,  -0.0622,  -0.4838,  0.0057,  0.0100,  -0.0276,  -0.2307,  0.7125,  -0.1228,  0.0062,  -0.0117,  -0.0319,  0.1212,  0.1928,  0.7034,  -0.0006,  -0.0031,  0.0057,  1.2804,  0.7733,  0.7340,  0.0359,  0.0331,  -0.1056,  0.3077,  -0.1714,  -0.5005,  0.2440,  0.0109,  -0.0151],  
 [-0.1047,  -0.4579,  -1.0455,  -0.0100,  0.0834,  -0.0840,  -0.0837,  0.4560,  0.1507,  0.0164,  -0.0032,  -0.0073,  0.0362,  0.1578,  -0.1491,  0.0132,  -0.0239,  -0.0098,  0.3970,  0.5151,  0.4318,  0.0131,  0.0126,  -0.0355,  0.0113,  -0.5645,  -0.7358,  0.0109,  0.1296,  -0.0771],  
 [0.3227,  0.6196,  1.8872,  0.0276,  -0.0840,  0.2734,  0.2766,  0.0700,  -0.6198,  -0.0435,  -0.0076,  0.0051,  -0.6012,  -0.9318,  0.1470,  0.0278,  -0.0294,  -0.0321,  0.6816,  -0.0830,  0.0087,  -0.0175,  0.0161,  -0.0477,  1.3380,  0.3645,  1.9413,  -0.0151,  -0.0771,  0.4131]]
