[0.7269,  -6.1836,  0.5313,  -0.1148,  -0.1217,  -0.0076,  9.7020,  -38.3983,  -31.7528,  -3.1840,  8.7256,  -1.3740,  -0.8061,  3.6288,  34.0472,  -0.1019,  -0.0798,  3.3464,  10.5899,  -36.1336,  -30.6048,  -3.2258,  8.7622,  -1.6554,  0.1763,  -7.8267,  0.3886,  -0.1209,  -0.1258,  -0.0506]
[[0.0980,  0.0140,  -0.0022,  -0.1272,  -0.1970,  -0.1216,  -0.0140,  0.0015,  -0.0093,  0.0224,  -0.0373,  -0.2210,  0.0192,  -0.0212,  -0.0339,  -0.0430,  -0.3171,  -1.7257,  -0.0386,  0.0016,  -0.0128,  0.0073,  -0.2794,  -0.3977,  -0.0744,  0.0145,  -0.0018,  0.1733,  0.1206,  0.1299],  
 [0.0140,  0.0363,  0.0105,  0.0607,  0.0212,  0.1571,  -0.0075,  0.0016,  -0.0008,  -0.0539,  -0.0404,  -0.1186,  -0.0205,  -0.0093,  0.0134,  0.1688,  -0.0667,  -0.4959,  -0.0053,  0.0056,  0.0038,  -0.0718,  -0.0474,  0.0011,  -0.0221,  -0.0146,  -0.0120,  -0.0292,  0.0761,  -0.1326],  
 [-0.0022,  0.0105,  0.1009,  0.1494,  -0.4612,  0.0432,  0.0040,  -0.0136,  -0.0221,  0.3160,  0.0777,  -0.0519,  -0.0074,  0.0004,  0.0101,  0.8717,  0.0150,  0.0416,  0.0002,  0.0141,  0.0214,  -0.3079,  -0.0043,  0.0873,  0.0062,  -0.0124,  -0.0754,  -0.0365,  0.2844,  -0.2009],  
 [-0.1272,  0.0607,  0.1494,  8.2109,  -2.9933,  -0.1219,  0.1033,  0.0855,  0.1621,  -1.8199,  0.6845,  1.1885,  -0.0407,  0.1758,  0.7985,  0.3010,  0.4001,  2.1159,  -0.0116,  0.0869,  0.1116,  -1.7012,  -0.1340,  0.4608,  0.1593,  0.0308,  -0.0632,  -3.4472,  2.5115,  -0.6655],  
 [-0.1970,  0.0212,  -0.4612,  -2.9933,  23.1024,  0.2005,  -0.2165,  0.0223,  -0.0405,  0.0500,  -2.3641,  -1.0214,  -0.2255,  0.0072,  0.1772,  1.2343,  0.9156,  0.9207,  0.3086,  0.0281,  0.1559,  -1.2312,  2.8969,  2.5505,  -0.0972,  0.0529,  0.2448,  -1.4607,  -13.5168,  0.9011],  
 [-0.1216,  0.1571,  0.0432,  -0.1219,  0.2005,  17.4520,  -0.1253,  -0.0043,  -0.0569,  0.2122,  -1.7283,  -1.3646,  -1.5506,  -0.1634,  -0.1078,  4.2925,  -1.4378,  -4.2524,  0.0560,  -0.0275,  -0.0247,  0.6209,  1.0139,  0.8841,  0.0069,  -0.1850,  -0.1654,  1.3391,  1.0354,  -15.1008],  
 [-0.0140,  -0.0075,  0.0040,  0.1033,  -0.2165,  -0.1253,  0.0553,  0.0022,  0.0219,  -0.0154,  0.2256,  0.5483,  0.0482,  0.0085,  -0.0012,  -0.0589,  0.6036,  0.3375,  -0.0010,  0.0001,  0.0016,  -0.0216,  -0.0122,  -0.0076,  0.0354,  -0.0041,  -0.0032,  0.0564,  0.2701,  0.1087],  
 [0.0015,  0.0016,  -0.0136,  0.0855,  0.0223,  -0.0043,  0.0022,  0.0133,  0.0162,  -0.1818,  -0.0901,  0.0960,  -0.0043,  0.0051,  0.0231,  -0.2182,  0.0015,  -0.0555,  -0.0004,  -0.0008,  -0.0013,  0.0179,  0.0015,  -0.0023,  -0.0012,  0.0052,  0.0141,  -0.0794,  -0.0027,  -0.0052],  
 [-0.0093,  -0.0008,  -0.0221,  0.1621,  -0.0405,  -0.0569,  0.0219,  0.0162,  0.0445,  -0.4406,  -0.1369,  0.3525,  0.0042,  0.0090,  0.0404,  -0.3944,  0.1461,  0.2265,  0.0012,  -0.0014,  -0.0032,  0.0569,  0.0267,  0.0129,  0.0123,  0.0057,  0.0249,  -0.0977,  0.1347,  0.0411],  
 [0.0224,  -0.0539,  0.3160,  -1.8199,  0.0500,  0.2122,  -0.0154,  -0.1818,  -0.4406,  6.4452,  1.2868,  -1.2939,  0.1985,  -0.0508,  -0.5143,  5.4352,  0.2791,  -0.9931,  -0.0216,  0.0182,  0.0486,  -0.9368,  -0.1397,  -0.3107,  0.0247,  -0.0778,  -0.3455,  1.5055,  -1.1901,  -0.0972],  
 [-0.0373,  -0.0404,  0.0777,  0.6845,  -2.3641,  -1.7283,  0.2256,  -0.0901,  -0.1369,  1.2868,  6.7657,  0.9037,  0.4132,  -0.0029,  -0.1383,  -0.6680,  4.1103,  1.4166,  -0.0076,  0.0024,  0.0255,  -0.2145,  -1.1438,  0.0629,  0.2038,  -0.0615,  -0.0575,  0.6280,  2.4937,  1.3986],  
 [-0.2210,  -0.1186,  -0.0519,  1.1885,  -1.0214,  -1.3646,  0.5483,  0.0960,  0.3525,  -1.2939,  0.9037,  7.1906,  0.5333,  0.1693,  0.1800,  -1.3323,  4.5112,  4.5793,  -0.0128,  -0.0024,  0.0051,  -0.1146,  0.1116,  -0.2460,  0.3956,  0.0135,  0.0722,  -0.0394,  1.8446,  1.1946],  
 [0.0192,  -0.0205,  -0.0074,  -0.0407,  -0.2255,  -1.5506,  0.0482,  -0.0043,  0.0042,  0.1985,  0.4132,  0.5333,  0.3435,  0.0065,  -0.0085,  -0.5509,  0.0571,  -0.2111,  -0.0514,  0.0043,  -0.0066,  -0.1362,  -0.4551,  -0.5979,  0.0108,  0.0179,  0.0001,  -0.0500,  0.1849,  1.6263],  
 [-0.0212,  -0.0093,  0.0004,  0.1758,  0.0072,  -0.1634,  0.0085,  0.0051,  0.0090,  -0.0508,  -0.0029,  0.1693,  0.0065,  0.0805,  0.0489,  0.0107,  0.1069,  0.6812,  0.0058,  0.0037,  0.0060,  -0.0420,  0.0260,  0.1352,  0.0233,  0.0085,  -0.0061,  -0.1599,  0.0730,  0.2358],  
 [-0.0339,  0.0134,  0.0101,  0.7985,  0.1772,  -0.1078,  -0.0012,  0.0231,  0.0404,  -0.5143,  -0.1383,  0.1800,  -0.0085,  0.0489,  0.2374,  0.0672,  -0.3979,  0.4889,  0.0047,  0.0226,  0.0359,  -0.4856,  0.0013,  0.2053,  0.0270,  0.0107,  0.0066,  -0.7798,  0.0183,  -0.0456],  
 [-0.0430,  0.1688,  0.8717,  0.3010,  1.2343,  4.2925,  -0.0589,  -0.2182,  -0.3944,  5.4352,  -0.6680,  -1.3323,  -0.5509,  0.0107,  0.0672,  16.4902,  0.7095,  -1.2287,  0.0884,  0.2288,  0.3464,  -5.0598,  1.3890,  1.4774,  -0.0491,  -0.1705,  -0.8667,  -0.4350,  -1.2805,  -4.5680],  
 [-0.3171,  -0.0667,  0.0150,  0.4001,  0.9156,  -1.4378,  0.6036,  0.0015,  0.1461,  0.2791,  4.1103,  4.5112,  0.0571,  0.1069,  -0.3979,  0.7095,  21.3976,  1.3568,  0.7007,  0.0579,  0.2095,  -0.3094,  4.9371,  5.6438,  0.2369,  -0.0582,  -0.0977,  -0.5986,  -0.1491,  1.2922],  
 [-1.7257,  -0.4959,  0.0416,  2.1159,  0.9207,  -4.2524,  0.3375,  -0.0555,  0.2265,  -0.9931,  1.4166,  4.5793,  -0.2111,  0.6812,  0.4889,  -1.2287,  1.3568,  68.0600,  0.3018,  -0.0677,  0.1575,  -0.7138,  1.8010,  3.8375,  1.8317,  0.0149,  0.1201,  -1.5208,  1.0140,  3.9744],  
 [-0.0386,  -0.0053,  0.0002,  -0.0116,  0.3086,  0.0560,  -0.0010,  -0.0004,  0.0012,  -0.0216,  -0.0076,  -0.0128,  -0.0514,  0.0058,  0.0047,  0.0884,  0.7007,  0.3018,  0.0617,  0.0046,  0.0242,  -0.0530,  0.3305,  0.6145,  0.0135,  -0.0058,  0.0028,  -0.1471,  -0.2765,  -0.1222],  
 [0.0016,  0.0056,  0.0141,  0.0869,  0.0281,  -0.0275,  0.0001,  -0.0008,  -0.0014,  0.0182,  0.0024,  -0.0024,  0.0043,  0.0037,  0.0226,  0.2288,  0.0579,  -0.0677,  0.0046,  0.0147,  0.0158,  -0.1951,  -0.0414,  0.1149,  -0.0030,  0.0009,  -0.0130,  -0.0944,  -0.0066,  0.0139],  
 [-0.0128,  0.0038,  0.0214,  0.1116,  0.1559,  -0.0247,  0.0016,  -0.0013,  -0.0032,  0.0486,  0.0255,  0.0051,  -0.0066,  0.0060,  0.0359,  0.3464,  0.2095,  0.1575,  0.0242,  0.0158,  0.0386,  -0.4113,  -0.0058,  0.3377,  0.0060,  -0.0015,  -0.0170,  -0.1794,  -0.0966,  -0.0191],  
 [0.0073,  -0.0718,  -0.3079,  -1.7012,  -1.2312,  0.6209,  -0.0216,  0.0179,  0.0569,  -0.9368,  -0.2145,  -0.1146,  -0.1362,  -0.0420,  -0.4856,  -5.0598,  -0.3094,  -0.7138,  -0.0530,  -0.1951,  -0.4113,  6.2553,  0.4800,  -1.3985,  -0.0025,  -0.0199,  0.2653,  2.0767,  0.6393,  -0.3044],  
 [-0.2794,  -0.0474,  -0.0043,  -0.1340,  2.8969,  1.0139,  -0.0122,  0.0015,  0.0267,  -0.1397,  -1.1438,  0.1116,  -0.4551,  0.0260,  0.0013,  1.3890,  4.9371,  1.8010,  0.3305,  -0.0414,  -0.0058,  0.4800,  6.4279,  2.4383,  0.0716,  -0.0340,  0.0259,  -0.9492,  -2.7462,  -1.7182],  
 [-0.3977,  0.0011,  0.0873,  0.4608,  2.5505,  0.8841,  -0.0076,  -0.0023,  0.0129,  -0.3107,  0.0629,  -0.2460,  -0.5979,  0.1352,  0.2053,  1.4774,  5.6438,  3.8375,  0.6145,  0.1149,  0.3377,  -1.3985,  2.4383,  7.8100,  0.1887,  -0.0930,  -0.0428,  -1.4737,  -1.6971,  -1.5416],  
 [-0.0744,  -0.0221,  0.0062,  0.1593,  -0.0972,  0.0069,  0.0354,  -0.0012,  0.0123,  0.0247,  0.2038,  0.3956,  0.0108,  0.0233,  0.0270,  -0.0491,  0.2369,  1.8317,  0.0135,  -0.0030,  0.0060,  -0.0025,  0.0716,  0.1887,  0.0974,  -0.0093,  0.0045,  -0.0632,  0.1134,  -0.1062],  
 [0.0145,  -0.0146,  -0.0124,  0.0308,  0.0529,  -0.1850,  -0.0041,  0.0052,  0.0057,  -0.0778,  -0.0615,  0.0135,  0.0179,  0.0085,  0.0107,  -0.1705,  -0.0582,  0.0149,  -0.0058,  0.0009,  -0.0015,  -0.0199,  -0.0340,  -0.0930,  -0.0093,  0.0342,  0.0114,  -0.0565,  0.0143,  0.2017],  
 [-0.0018,  -0.0120,  -0.0754,  -0.0632,  0.2448,  -0.1654,  -0.0032,  0.0141,  0.0249,  -0.3455,  -0.0575,  0.0722,  0.0001,  -0.0061,  0.0066,  -0.8667,  -0.0977,  0.1201,  0.0028,  -0.0130,  -0.0170,  0.2653,  0.0259,  -0.0428,  0.0045,  0.0114,  0.1002,  0.0452,  -0.4368,  0.0480],  
 [0.1733,  -0.0292,  -0.0365,  -3.4472,  -1.4607,  1.3391,  0.0564,  -0.0794,  -0.0977,  1.5055,  0.6280,  -0.0394,  -0.0500,  -0.1599,  -0.7798,  -0.4350,  -0.5986,  -1.5208,  -0.1471,  -0.0944,  -0.1794,  2.0767,  -0.9492,  -1.4737,  -0.0632,  -0.0565,  0.0452,  8.7681,  -0.8988,  -1.0616],  
 [0.1206,  0.0761,  0.2844,  2.5115,  -13.5168,  1.0354,  0.2701,  -0.0027,  0.1347,  -1.1901,  2.4937,  1.8446,  0.1849,  0.0730,  0.0183,  -1.2805,  -0.1491,  1.0140,  -0.2765,  -0.0066,  -0.0966,  0.6393,  -2.7462,  -1.6971,  0.1134,  0.0143,  -0.4368,  -0.8988,  25.6021,  -0.2661],  
 [0.1299,  -0.1326,  -0.2009,  -0.6655,  0.9011,  -15.1008,  0.1087,  -0.0052,  0.0411,  -0.0972,  1.3986,  1.1946,  1.6263,  0.2358,  -0.0456,  -4.5680,  1.2922,  3.9744,  -0.1222,  0.0139,  -0.0191,  -0.3044,  -1.7182,  -1.5416,  -0.1062,  0.2017,  0.0480,  -1.0616,  -0.2661,  17.7274]]
[[69.4542,  6.0514,  -1.4061,  0.4111,  0.0351,  1.6125,  -17.8389,  -7.4538,  1.6010,  -0.0129,  -0.0652,  1.1531,  8.8523,  -0.6821,  5.1310,  0.1329,  -0.7345,  0.7315,  56.2552,  -4.2011,  -9.2914,  0.1080,  0.9360,  -1.0346,  34.9459,  -14.8151,  -2.8727,  0.1025,  0.0105,  0.8478],  
 [6.0514,  69.3671,  -6.0586,  -0.1518,  -0.4736,  -0.1396,  14.3975,  -14.2961,  2.3422,  0.7194,  0.4523,  0.3306,  1.0531,  5.9233,  -6.2292,  -0.4821,  -1.7005,  0.0034,  48.3674,  -0.1730,  3.2450,  0.1022,  0.7494,  -2.2466,  17.0970,  35.4856,  -4.5083,  -0.0833,  -0.3642,  -0.1228],  
 [-1.4061,  -6.0586,  43.8467,  -0.1199,  0.7493,  1.5753,  -8.4032,  0.9901,  -3.9569,  -0.1632,  -0.3112,  0.4476,  -1.2936,  1.3463,  -0.2273,  -0.9769,  0.6420,  -0.0863,  -6.7107,  2.0520,  -3.9737,  -0.0714,  -0.2839,  -0.1054,  -1.1263,  -3.6316,  25.8406,  -0.0800,  0.2834,  1.5106],  
 [0.4111,  -0.1518,  -0.1199,  0.2306,  0.0304,  0.0107,  -0.5058,  -0.4011,  -0.4335,  -0.0193,  -0.0316,  0.0482,  0.1689,  -0.0157,  -0.5780,  0.0061,  -0.0168,  0.0040,  0.5640,  -0.2788,  0.2376,  0.0149,  0.0026,  -0.0062,  0.0669,  -0.3203,  0.0736,  0.0417,  0.0075,  0.0097],  
 [0.0351,  -0.4736,  0.7493,  0.0304,  0.0913,  0.0019,  0.1209,  0.1985,  0.0705,  -0.0017,  -0.0047,  -0.0258,  -0.0172,  0.0784,  -0.1080,  -0.0173,  0.0086,  -0.0030,  -0.0894,  0.2483,  -0.2545,  -0.0020,  -0.0202,  -0.0114,  -0.0010,  -0.3851,  0.3588,  0.0131,  0.0400,  0.0006],  
 [1.6125,  -0.1396,  1.5753,  0.0107,  0.0019,  0.3743,  0.5451,  0.8477,  0.5516,  0.0227,  0.0372,  -0.0708,  0.5946,  -0.1018,  0.1603,  0.0129,  -0.0587,  0.0197,  2.3450,  0.4055,  -0.0637,  0.0325,  0.0644,  -0.0626,  0.6909,  -0.2715,  1.4547,  0.0033,  0.0017,  0.2928],  
 [-17.8389,  14.3975,  -8.4032,  -0.5058,  0.1209,  0.5451,  416.8831,  150.4281,  -94.2168,  -6.5484,  0.2577,  -20.4421,  9.7210,  26.7230,  -20.5120,  1.9117,  -12.8037,  0.4419,  245.7148,  88.6552,  -49.1633,  -0.5680,  2.5561,  -9.7519,  -48.8153,  31.7206,  -0.0010,  -0.5884,  -0.3348,  -0.0959],  
 [-7.4538,  -14.2961,  0.9901,  -0.4011,  0.1985,  0.8477,  150.4281,  280.3533,  -10.3435,  -0.4714,  3.4362,  -11.4052,  15.5323,  7.1878,  -21.3614,  4.2347,  -5.8832,  0.4296,  112.4650,  44.8365,  -21.2726,  0.8302,  1.4622,  -4.1060,  -14.0459,  -5.0034,  5.1125,  0.4583,  0.3672,  0.6908],  
 [1.6010,  2.3422,  -3.9569,  -0.4335,  0.0705,  0.5516,  -94.2168,  -10.3435,  493.0053,  24.2306,  10.8112,  -12.6101,  6.9655,  11.9120,  -22.0459,  2.7377,  -1.5285,  -0.2510,  3.4131,  -0.0554,  33.1830,  1.6545,  1.2981,  -0.8935,  8.5804,  6.0524,  -4.8040,  -0.5560,  -0.4036,  0.0844],  
 [-0.0129,  0.7194,  -0.1632,  -0.0193,  -0.0017,  0.0227,  -6.5484,  -0.4714,  24.2306,  1.6482,  0.4842,  -0.4037,  -0.3488,  0.0535,  -0.0719,  -0.0364,  0.0013,  0.0060,  -1.0058,  0.7656,  2.0708,  0.1166,  0.0665,  -0.0328,  -0.2902,  0.1979,  -0.1008,  -0.0193,  -0.0015,  0.0199],  
 [-0.0652,  0.4523,  -0.3112,  -0.0316,  -0.0047,  0.0372,  0.2577,  3.4362,  10.8112,  0.4842,  0.5648,  -0.3476,  0.1971,  0.5800,  -1.0606,  0.1282,  -0.2539,  0.0066,  3.5553,  1.5025,  0.6962,  0.0750,  0.1346,  -0.1691,  -0.6447,  0.6992,  -0.3294,  -0.0252,  -0.0239,  0.0194],  
 [1.1531,  0.3306,  0.4476,  0.0482,  -0.0258,  -0.0708,  -20.4421,  -11.4052,  -12.6101,  -0.4037,  -0.3476,  2.0539,  -1.5914,  -2.0905,  1.8851,  -0.3206,  0.6487,  -0.0007,  -11.9935,  -4.1348,  1.3336,  -0.0531,  -0.1610,  0.5195,  1.0699,  -1.4922,  -0.4222,  0.0112,  0.0072,  0.0048],  
 [8.8523,  1.0531,  -1.2936,  0.1689,  -0.0172,  0.5946,  9.7210,  15.5323,  6.9655,  -0.3488,  0.1971,  -1.5914,  14.3154,  1.7781,  -0.7407,  1.0338,  -0.5504,  0.3259,  17.8257,  -9.9996,  -12.9248,  -0.1407,  0.1432,  0.6747,  -1.3660,  0.0199,  2.0491,  0.1248,  0.0346,  -0.4638],  
 [-0.6821,  5.9233,  1.3463,  -0.0157,  0.0784,  -0.1018,  26.7230,  7.1878,  11.9120,  0.0535,  0.5800,  -2.0905,  1.7781,  22.5958,  -8.7024,  -0.0106,  -1.3670,  -0.1055,  31.5936,  12.8958,  3.4623,  -0.1728,  0.4267,  -2.1419,  -1.9000,  -0.4399,  2.0804,  -0.0506,  -0.0013,  -0.4377],  
 [5.1310,  -6.2292,  -0.2273,  -0.5780,  -0.1080,  0.1603,  -20.5120,  -21.3614,  -22.0459,  -0.0719,  -1.0606,  1.8851,  -0.7407,  -8.7024,  19.8207,  -0.4148,  1.6509,  0.1668,  -20.0082,  -17.9930,  -9.6466,  -0.0358,  -0.6940,  1.3559,  -2.1391,  -5.2005,  -0.9788,  0.5298,  0.0574,  0.1278],  
 [0.1329,  -0.4821,  -0.9769,  0.0061,  -0.0173,  0.0129,  1.9117,  4.2347,  2.7377,  -0.0364,  0.1282,  -0.3206,  1.0338,  -0.0106,  -0.4148,  0.4021,  -0.0859,  0.0081,  1.3642,  -2.3766,  -1.9160,  0.0217,  -0.0536,  0.1261,  -0.0210,  0.4182,  0.9991,  -0.0058,  0.0141,  0.0108],  
 [-0.7345,  -1.7005,  0.6420,  -0.0168,  0.0086,  -0.0587,  -12.8037,  -5.8832,  -1.5285,  0.0013,  -0.2539,  0.6487,  -0.5504,  -1.3670,  1.6509,  -0.0859,  0.6994,  -0.0169,  -13.8755,  -4.8719,  1.2670,  -0.0008,  -0.2122,  0.5710,  0.7749,  -1.3001,  0.5483,  0.0133,  0.0132,  -0.0333],  
 [0.7315,  0.0034,  -0.0863,  0.0040,  -0.0030,  0.0197,  0.4419,  0.4296,  -0.2510,  0.0060,  0.0066,  -0.0007,  0.3259,  -0.1055,  0.1668,  0.0081,  -0.0169,  0.0534,  0.7329,  -0.0697,  -0.4864,  0.0044,  0.0072,  0.0167,  -0.7570,  -0.2829,  -0.0484,  -0.0027,  -0.0027,  -0.0230],  
 [56.2552,  48.3674,  -6.7107,  0.5640,  -0.0894,  2.3450,  245.7148,  112.4650,  3.4131,  -1.0058,  3.5553,  -11.9935,  17.8257,  31.5936,  -20.0082,  1.3642,  -13.8755,  0.7329,  460.2574,  120.4936,  -139.1944,  -5.8995,  0.4741,  -19.6400,  12.7270,  13.2873,  -10.4256,  1.0772,  0.2778,  1.2149],  
 [-4.2011,  -0.1730,  2.0520,  -0.2788,  0.2483,  0.4055,  88.6552,  44.8365,  -0.0554,  0.7656,  1.5025,  -4.1348,  -9.9996,  12.8958,  -17.9930,  -2.3766,  -4.8719,  -0.0697,  120.4936,  234.2965,  -4.1097,  2.1451,  2.8991,  -10.0834,  2.2208,  -9.9983,  -1.6847,  0.2907,  0.2203,  0.7024],  
 [-9.2914,  3.2450,  -3.9737,  0.2376,  -0.2545,  -0.0637,  -49.1633,  -21.2726,  33.1830,  2.0708,  0.6962,  1.3336,  -12.9248,  3.4623,  -9.6466,  -1.9160,  1.2670,  -0.4864,  -139.1944,  -4.1097,  464.2234,  24.0967,  7.4763,  -8.6333,  10.9851,  -2.3874,  -4.3372,  0.3245,  -0.0087,  0.7942],  
 [0.1080,  0.1022,  -0.0714,  0.0149,  -0.0020,  0.0325,  -0.5680,  0.8302,  1.6545,  0.1166,  0.0750,  -0.0531,  -0.1407,  -0.1728,  -0.0358,  0.0217,  -0.0008,  0.0044,  -5.8995,  2.1451,  24.0967,  1.6475,  0.3905,  -0.4392,  0.2035,  0.2089,  -0.0594,  0.0021,  -0.0041,  0.0562],  
 [0.9360,  0.7494,  -0.2839,  0.0026,  -0.0202,  0.0644,  2.5561,  1.4622,  1.2981,  0.0665,  0.1346,  -0.1610,  0.1432,  0.4267,  -0.6940,  -0.0536,  -0.2122,  0.0072,  0.4741,  2.8991,  7.4763,  0.3905,  0.4916,  -0.2530,  0.3845,  0.1715,  -0.2926,  0.0136,  -0.0005,  0.0567],  
 [-1.0346,  -2.2466,  -0.1054,  -0.0062,  -0.0114,  -0.0626,  -9.7519,  -4.1060,  -0.8935,  -0.0328,  -0.1691,  0.5195,  0.6747,  -2.1419,  1.3559,  0.1261,  0.5710,  0.0167,  -19.6400,  -10.0834,  -8.6333,  -0.4392,  -0.2530,  1.7710,  -1.4642,  0.2269,  0.6157,  -0.0808,  -0.0294,  -0.1005],  
 [34.9459,  17.0970,  -1.1263,  0.0669,  -0.0010,  0.6909,  -48.8153,  -14.0459,  8.5804,  -0.2902,  -0.6447,  1.0699,  -1.3660,  -1.9000,  -2.1391,  -0.0210,  0.7749,  -0.7570,  12.7270,  2.2208,  10.9851,  0.2035,  0.3845,  -1.4642,  70.1406,  3.3121,  -2.9701,  0.2745,  0.0323,  1.3743],  
 [-14.8151,  35.4856,  -3.6316,  -0.3203,  -0.3851,  -0.2715,  31.7206,  -5.0034,  6.0524,  0.1979,  0.6992,  -1.4922,  0.0199,  -0.4399,  -5.2005,  0.4182,  -1.3001,  -0.2829,  13.2873,  -9.9983,  -2.3874,  0.2089,  0.1715,  0.2269,  3.3121,  64.3446,  -4.7396,  -0.1661,  -0.4262,  -0.3768],  
 [-2.8727,  -4.5083,  25.8406,  0.0736,  0.3588,  1.4547,  -0.0010,  5.1125,  -4.8040,  -0.1008,  -0.3294,  -0.4222,  2.0491,  2.0804,  -0.9788,  0.9991,  0.5483,  -0.0484,  -10.4256,  -1.6847,  -4.3372,  -0.0594,  -0.2926,  0.6157,  -2.9701,  -4.7396,  42.6395,  -0.1396,  0.6170,  1.4510],  
 [0.1025,  -0.0833,  -0.0800,  0.0417,  0.0131,  0.0033,  -0.5884,  0.4583,  -0.5560,  -0.0193,  -0.0252,  0.0112,  0.1248,  -0.0506,  0.5298,  -0.0058,  0.0133,  -0.0027,  1.0772,  0.2907,  0.3245,  0.0021,  0.0136,  -0.0808,  0.2745,  -0.1661,  -0.1396,  0.2047,  0.0249,  0.0148],  
 [0.0105,  -0.3642,  0.2834,  0.0075,  0.0400,  0.0017,  -0.3348,  0.3672,  -0.4036,  -0.0015,  -0.0239,  0.0072,  0.0346,  -0.0013,  0.0574,  0.0141,  0.0132,  -0.0027,  0.2778,  0.2203,  -0.0087,  -0.0041,  -0.0005,  -0.0294,  0.0323,  -0.4262,  0.6170,  0.0249,  0.0780,  0.0100],  
 [0.8478,  -0.1228,  1.5106,  0.0097,  0.0006,  0.2928,  -0.0959,  0.6908,  0.0844,  0.0199,  0.0194,  0.0048,  -0.4638,  -0.4377,  0.1278,  0.0108,  -0.0333,  -0.0230,  1.2149,  0.7024,  0.7942,  0.0562,  0.0567,  -0.1005,  1.3743,  -0.3768,  1.4510,  0.0148,  0.0100,  0.3901]]
