[-1.4691,  -9.4227,  0.8082,  0.0758,  -0.0733,  -0.0825,  16.5553,  -30.6712,  -23.6826,  -3.1430,  9.1350,  -2.3200,  0.0000,  0.4039,  31.1531,  0.0000,  -0.6699,  3.2423,  16.5553,  -30.6712,  -23.6826,  -3.1430,  9.1350,  -2.3200,  1.4691,  -9.4227,  0.8082,  -0.0758,  -0.0733,  -0.0825]
[[0.1179,  0.0122,  -0.0070,  -0.1498,  -0.2184,  -0.2243,  -0.0097,  0.0016,  -0.0058,  0.0161,  -0.0452,  -0.1313,  0.0241,  -0.0069,  -0.0407,  -0.2443,  -0.3397,  -2.2805,  -0.0375,  -0.0020,  -0.0203,  0.1133,  -0.2445,  -0.3502,  -0.0865,  0.0223,  0.0106,  0.2273,  0.0474,  0.2407],  
 [0.0122,  0.0446,  0.0211,  0.1159,  0.0377,  0.1093,  -0.0055,  -0.0001,  -0.0019,  -0.0136,  -0.0159,  -0.0907,  0.0020,  0.0023,  0.0276,  0.3147,  -0.0049,  -0.4101,  -0.0020,  0.0109,  0.0112,  -0.1526,  -0.0261,  0.0457,  -0.0223,  -0.0196,  -0.0166,  -0.1103,  0.0534,  -0.1057],  
 [-0.0070,  0.0211,  0.1242,  0.0335,  -0.0401,  -0.0676,  -0.0050,  -0.0230,  -0.0323,  0.4357,  -0.0059,  -0.1273,  0.0238,  -0.0012,  0.0133,  1.4770,  -0.0409,  -0.0055,  0.0067,  0.0259,  0.0376,  -0.4960,  0.0129,  0.1640,  -0.0106,  -0.0166,  -0.1068,  -0.0857,  0.1808,  -0.0289],  
 [-0.1498,  0.1159,  0.0335,  11.3844,  -1.2382,  0.3533,  0.2241,  0.1932,  0.3615,  -4.0577,  1.1795,  2.4350,  0.0248,  0.3380,  1.4213,  -1.3133,  3.6043,  2.2077,  0.0393,  0.1714,  0.2389,  -3.0056,  -0.2249,  1.0744,  0.2273,  0.1103,  0.0857,  -5.3968,  3.3436,  0.0271],  
 [-0.2184,  0.0377,  -0.0401,  -1.2382,  22.8945,  0.8046,  -0.2697,  0.0115,  -0.1138,  1.0026,  -2.3947,  -1.4025,  -0.3261,  0.0602,  0.2319,  2.9844,  0.7873,  3.4540,  0.2961,  0.0274,  0.2268,  -2.2693,  2.5313,  1.8775,  -0.0474,  0.0534,  0.1808,  -3.3436,  -16.7126,  0.0249],  
 [-0.2243,  0.1093,  -0.0676,  0.3533,  0.8046,  30.9873,  -0.1481,  0.0119,  -0.0909,  0.4700,  -1.9488,  -1.6083,  -3.3708,  0.0447,  -0.0048,  4.6263,  0.6261,  -1.2910,  0.1402,  -0.0260,  0.0795,  -0.2914,  1.8684,  1.4602,  -0.2407,  -0.1057,  -0.0289,  -0.0271,  0.0249,  -28.8609],  
 [-0.0097,  -0.0055,  -0.0050,  0.2241,  -0.2697,  -0.1481,  0.0625,  0.0041,  0.0301,  -0.1235,  0.2881,  0.5784,  0.0604,  0.0132,  0.0222,  -0.2013,  0.6634,  0.1849,  -0.0060,  0.0010,  -0.0002,  -0.0266,  -0.0329,  -0.0603,  0.0375,  -0.0020,  0.0067,  -0.0393,  0.2961,  0.1402],  
 [0.0016,  -0.0001,  -0.0230,  0.1932,  0.0115,  0.0119,  0.0041,  0.0226,  0.0256,  -0.3333,  -0.0686,  0.1173,  -0.0091,  0.0110,  0.0468,  -0.3976,  0.0375,  -0.0175,  0.0010,  0.0002,  0.0011,  -0.0026,  -0.0026,  0.0181,  0.0020,  0.0109,  0.0259,  -0.1714,  0.0274,  -0.0260],  
 [-0.0058,  -0.0019,  -0.0323,  0.3615,  -0.1138,  -0.0909,  0.0301,  0.0256,  0.0587,  -0.6445,  -0.0222,  0.3881,  0.0144,  0.0187,  0.0737,  -0.6175,  0.2883,  0.1769,  -0.0002,  0.0011,  -0.0015,  0.0268,  -0.0074,  0.0036,  0.0203,  0.0112,  0.0376,  -0.2389,  0.2268,  0.0795],  
 [0.0161,  -0.0136,  0.4357,  -4.0577,  1.0026,  0.4700,  -0.1235,  -0.3333,  -0.6445,  9.2858,  0.2544,  -1.8964,  0.1195,  -0.1921,  -0.8764,  8.1336,  -1.4509,  -1.4581,  -0.0266,  -0.0026,  0.0268,  -0.8013,  0.2951,  -0.4908,  -0.1133,  -0.1526,  -0.4960,  3.0056,  -2.2693,  -0.2914],  
 [-0.0452,  -0.0159,  -0.0059,  1.1795,  -2.3947,  -1.9488,  0.2881,  -0.0686,  -0.0222,  0.2544,  6.3248,  1.5029,  0.5087,  0.0342,  0.0184,  -1.7274,  4.3696,  1.0668,  -0.0329,  -0.0026,  -0.0074,  0.2951,  -1.1040,  -0.0242,  0.2445,  -0.0261,  0.0129,  0.2249,  2.5313,  1.8684],  
 [-0.1313,  -0.0907,  -0.1273,  2.4350,  -1.4025,  -1.6083,  0.5784,  0.1173,  0.3881,  -1.8964,  1.5029,  7.4722,  0.6134,  0.1644,  0.4163,  -2.7537,  4.6436,  1.9954,  -0.0603,  0.0181,  0.0036,  -0.4908,  -0.0242,  -0.8298,  0.3502,  0.0457,  0.1640,  -1.0744,  1.8775,  1.4602],  
 [0.0241,  0.0020,  0.0238,  0.0248,  -0.3261,  -3.3708,  0.0604,  -0.0091,  0.0144,  0.1195,  0.5087,  0.6134,  0.6241,  0.0000,  0.0000,  -0.2596,  -0.0000,  -0.0000,  -0.0604,  0.0091,  -0.0144,  -0.1195,  -0.5087,  -0.6134,  0.0241,  -0.0020,  -0.0238,  0.0248,  0.3261,  3.3708],  
 [-0.0069,  0.0023,  -0.0012,  0.3380,  0.0602,  0.0447,  0.0132,  0.0110,  0.0187,  -0.1921,  0.0342,  0.1644,  -0.0000,  0.1013,  0.0861,  -0.0000,  0.3250,  0.2239,  0.0132,  0.0110,  0.0187,  -0.1921,  0.0342,  0.1644,  0.0069,  0.0023,  -0.0012,  -0.3380,  0.0602,  0.0447],  
 [-0.0407,  0.0276,  0.0133,  1.4213,  0.2319,  -0.0048,  0.0222,  0.0468,  0.0737,  -0.8764,  0.0184,  0.4163,  -0.0000,  0.0861,  0.3877,  -0.0000,  0.2807,  0.3044,  0.0222,  0.0468,  0.0737,  -0.8764,  0.0184,  0.4163,  0.0407,  0.0276,  0.0133,  -1.4213,  0.2319,  -0.0048],  
 [-0.2443,  0.3147,  1.4770,  -1.3133,  2.9844,  4.6263,  -0.2013,  -0.3976,  -0.6175,  8.1336,  -1.7274,  -2.7537,  -0.2596,  -0.0000,  -0.0000,  27.0597,  -0.0000,  -0.0000,  0.2013,  0.3976,  0.6175,  -8.1336,  1.7274,  2.7537,  -0.2443,  -0.3147,  -1.4770,  -1.3133,  -2.9844,  -4.6263],  
 [-0.3397,  -0.0049,  -0.0409,  3.6043,  0.7873,  0.6261,  0.6634,  0.0375,  0.2883,  -1.4509,  4.3696,  4.6436,  -0.0000,  0.3250,  0.2807,  -0.0000,  25.7094,  1.2508,  0.6634,  0.0375,  0.2883,  -1.4509,  4.3696,  4.6436,  0.3397,  -0.0049,  -0.0409,  -3.6043,  0.7873,  0.6261],  
 [-2.2805,  -0.4101,  -0.0055,  2.2077,  3.4540,  -1.2910,  0.1849,  -0.0175,  0.1769,  -1.4581,  1.0668,  1.9954,  -0.0000,  0.2239,  0.3044,  -0.0000,  1.2508,  92.4832,  0.1849,  -0.0175,  0.1769,  -1.4581,  1.0668,  1.9954,  2.2805,  -0.4101,  -0.0055,  -2.2077,  3.4540,  -1.2910],  
 [-0.0375,  -0.0020,  0.0067,  0.0393,  0.2961,  0.1402,  -0.0060,  0.0010,  -0.0002,  -0.0266,  -0.0329,  -0.0603,  -0.0604,  0.0132,  0.0222,  0.2013,  0.6634,  0.1849,  0.0625,  0.0041,  0.0301,  -0.1235,  0.2881,  0.5784,  0.0097,  -0.0055,  -0.0050,  -0.2241,  -0.2697,  -0.1481],  
 [-0.0020,  0.0109,  0.0259,  0.1714,  0.0274,  -0.0260,  0.0010,  0.0002,  0.0011,  -0.0026,  -0.0026,  0.0181,  0.0091,  0.0110,  0.0468,  0.3976,  0.0375,  -0.0175,  0.0041,  0.0226,  0.0256,  -0.3333,  -0.0686,  0.1173,  -0.0016,  -0.0001,  -0.0230,  -0.1932,  0.0115,  0.0119],  
 [-0.0203,  0.0112,  0.0376,  0.2389,  0.2268,  0.0795,  -0.0002,  0.0011,  -0.0015,  0.0268,  -0.0074,  0.0036,  -0.0144,  0.0187,  0.0737,  0.6175,  0.2883,  0.1769,  0.0301,  0.0256,  0.0587,  -0.6445,  -0.0222,  0.3881,  0.0058,  -0.0019,  -0.0323,  -0.3615,  -0.1138,  -0.0909],  
 [0.1133,  -0.1526,  -0.4960,  -3.0056,  -2.2693,  -0.2914,  -0.0266,  -0.0026,  0.0268,  -0.8013,  0.2951,  -0.4908,  -0.1195,  -0.1921,  -0.8764,  -8.1336,  -1.4509,  -1.4581,  -0.1235,  -0.3333,  -0.6445,  9.2858,  0.2544,  -1.8964,  -0.0161,  -0.0136,  0.4357,  4.0577,  1.0026,  0.4700],  
 [-0.2445,  -0.0261,  0.0129,  -0.2249,  2.5313,  1.8684,  -0.0329,  -0.0026,  -0.0074,  0.2951,  -1.1040,  -0.0242,  -0.5087,  0.0342,  0.0184,  1.7274,  4.3696,  1.0668,  0.2881,  -0.0686,  -0.0222,  0.2544,  6.3248,  1.5029,  0.0452,  -0.0159,  -0.0059,  -1.1795,  -2.3947,  -1.9488],  
 [-0.3502,  0.0457,  0.1640,  1.0744,  1.8775,  1.4602,  -0.0603,  0.0181,  0.0036,  -0.4908,  -0.0242,  -0.8298,  -0.6134,  0.1644,  0.4163,  2.7537,  4.6436,  1.9954,  0.5784,  0.1173,  0.3881,  -1.8964,  1.5029,  7.4722,  0.1313,  -0.0907,  -0.1273,  -2.4350,  -1.4025,  -1.6083],  
 [-0.0865,  -0.0223,  -0.0106,  0.2273,  -0.0474,  -0.2407,  0.0375,  0.0020,  0.0203,  -0.1133,  0.2445,  0.3502,  0.0241,  0.0069,  0.0407,  -0.2443,  0.3397,  2.2805,  0.0097,  -0.0016,  0.0058,  -0.0161,  0.0452,  0.1313,  0.1179,  -0.0122,  0.0070,  -0.1498,  0.2184,  0.2243],  
 [0.0223,  -0.0196,  -0.0166,  0.1103,  0.0534,  -0.1057,  -0.0020,  0.0109,  0.0112,  -0.1526,  -0.0261,  0.0457,  -0.0020,  0.0023,  0.0276,  -0.3147,  -0.0049,  -0.4101,  -0.0055,  -0.0001,  -0.0019,  -0.0136,  -0.0159,  -0.0907,  -0.0122,  0.0446,  0.0211,  -0.1159,  0.0377,  0.1093],  
 [0.0106,  -0.0166,  -0.1068,  0.0857,  0.1808,  -0.0289,  0.0067,  0.0259,  0.0376,  -0.4960,  0.0129,  0.1640,  -0.0238,  -0.0012,  0.0133,  -1.4770,  -0.0409,  -0.0055,  -0.0050,  -0.0230,  -0.0323,  0.4357,  -0.0059,  -0.1273,  0.0070,  0.0211,  0.1242,  -0.0335,  -0.0401,  -0.0676],  
 [0.2273,  -0.1103,  -0.0857,  -5.3968,  -3.3436,  -0.0271,  -0.0393,  -0.1714,  -0.2389,  3.0056,  0.2249,  -1.0744,  0.0248,  -0.3380,  -1.4213,  -1.3133,  -3.6043,  -2.2077,  -0.2241,  -0.1932,  -0.3615,  4.0577,  -1.1795,  -2.4350,  -0.1498,  -0.1159,  -0.0335,  11.3844,  1.2382,  -0.3533],  
 [0.0474,  0.0534,  0.1808,  3.3436,  -16.7126,  0.0249,  0.2961,  0.0274,  0.2268,  -2.2693,  2.5313,  1.8775,  0.3261,  0.0602,  0.2319,  -2.9844,  0.7873,  3.4540,  -0.2697,  0.0115,  -0.1138,  1.0026,  -2.3947,  -1.4025,  0.2184,  0.0377,  -0.0401,  1.2382,  22.8945,  0.8046],  
 [0.2407,  -0.1057,  -0.0289,  0.0271,  0.0249,  -28.8609,  0.1402,  -0.0260,  0.0795,  -0.2914,  1.8684,  1.4602,  3.3708,  0.0447,  -0.0048,  -4.6263,  0.6261,  -1.2910,  -0.1481,  0.0119,  -0.0909,  0.4700,  -1.9488,  -1.6083,  0.2243,  0.1093,  -0.0676,  -0.3533,  0.8046,  30.9873]]
[[54.7282,  -6.8178,  -9.6666,  0.2550,  0.3251,  0.4924,  -15.0762,  0.9584,  -0.9817,  -0.1278,  0.0062,  0.6922,  7.7208,  -4.4661,  4.0655,  0.5820,  -0.3685,  0.4612,  37.0516,  -0.9986,  -2.2546,  0.3132,  0.5452,  -0.7000,  29.5618,  -12.4894,  -8.0034,  0.0370,  0.3652,  -0.7136],  
 [-6.8178,  62.5807,  7.2509,  -0.2701,  -1.0038,  0.6905,  5.9902,  -10.8446,  -3.1424,  -0.0828,  -0.3312,  0.4148,  -0.9556,  5.5880,  -5.8507,  -0.1381,  -0.4619,  0.0773,  15.0486,  -14.4112,  -2.4368,  -0.2673,  -0.3958,  -0.4607,  12.4894,  42.6223,  7.7244,  0.2074,  -0.9785,  0.8053],  
 [-9.6666,  7.2509,  101.4467,  -0.8717,  -2.9595,  5.2121,  -22.5805,  3.9001,  4.8336,  -0.1036,  -0.2248,  0.3674,  -0.3667,  5.7010,  -2.2926,  -0.9811,  1.1680,  0.0960,  -19.9735,  1.9089,  2.3387,  -0.1427,  -0.2135,  0.0628,  8.0034,  7.7244,  83.0683,  0.7528,  -3.1820,  5.0956],  
 [0.2550,  -0.2701,  -0.8717,  0.1961,  0.0351,  -0.0574,  -0.1115,  -0.1360,  -0.2710,  -0.0039,  -0.0133,  0.0165,  0.1057,  -0.0468,  -0.5488,  0.0105,  -0.0275,  -0.0037,  0.4191,  -0.2004,  0.2273,  0.0186,  0.0111,  -0.0007,  0.0370,  -0.2074,  -0.7528,  0.0035,  0.0223,  -0.0644],  
 [0.3251,  -1.0038,  -2.9595,  0.0351,  0.2288,  -0.2177,  1.0106,  0.2920,  -0.3845,  -0.0079,  0.0079,  -0.0231,  -0.0060,  -0.2086,  0.0452,  -0.0111,  -0.0396,  -0.0157,  0.6806,  0.3739,  -0.5885,  -0.0061,  -0.0012,  -0.0019,  -0.3652,  -0.9785,  -3.1820,  -0.0223,  0.1936,  -0.2198],  
 [0.4924,  0.6905,  5.2121,  -0.0574,  -0.2177,  0.6295,  -0.3881,  0.4787,  0.1908,  -0.0096,  0.0082,  -0.0185,  0.4443,  -0.0876,  0.0273,  -0.0098,  0.0045,  0.0372,  0.5312,  0.7646,  0.1690,  0.0050,  0.0309,  -0.0181,  0.7136,  0.8053,  5.0956,  0.0644,  -0.2198,  0.5569],  
 [-15.0762,  5.9902,  -22.5805,  -0.1115,  1.0106,  -0.3881,  192.4779,  19.9650,  -91.1706,  -3.9032,  -2.8141,  -7.3864,  -5.4996,  -5.5544,  5.3146,  -0.5409,  -3.3046,  0.4794,  53.0674,  18.0580,  -7.8787,  0.2490,  0.4941,  -1.8670,  -37.0516,  15.0486,  -19.9735,  -0.4191,  0.6806,  0.5312],  
 [0.9584,  -10.8446,  3.9001,  -0.1360,  0.2920,  0.4787,  19.9650,  154.1616,  11.5790,  3.6313,  2.0148,  -2.7596,  -0.4114,  -2.4158,  -6.3625,  1.4624,  -0.5662,  -0.0042,  18.0580,  12.1542,  -9.5167,  0.2863,  -0.0408,  -1.0866,  0.9986,  -14.4112,  1.9089,  0.2004,  0.3739,  0.7646],  
 [-0.9817,  -3.1424,  4.8336,  -0.2710,  -0.3845,  0.1908,  -91.1706,  11.5790,  361.8993,  20.1233,  7.2922,  -6.6862,  -1.9661,  3.9836,  -13.1790,  1.2037,  -0.5368,  -0.1673,  -7.8787,  -9.5167,  35.0440,  1.4768,  0.5216,  -0.9187,  2.2546,  -2.4368,  2.3387,  -0.2273,  -0.5885,  0.1690],  
 [-0.1278,  -0.0828,  -0.1036,  -0.0039,  -0.0079,  -0.0096,  -3.9032,  3.6313,  20.1233,  1.4137,  0.3996,  -0.4348,  -0.2319,  0.0725,  -0.3922,  0.0286,  -0.0442,  0.0015,  0.2490,  0.2863,  1.4768,  0.1048,  0.0184,  -0.0691,  -0.3132,  -0.2673,  -0.1427,  -0.0186,  -0.0061,  0.0050],  
 [0.0062,  -0.3312,  -0.2248,  -0.0133,  0.0079,  0.0082,  -2.8141,  2.0148,  7.2922,  0.3996,  0.4417,  -0.0520,  -0.2723,  -0.0078,  -0.3795,  0.0652,  -0.0612,  0.0061,  0.4941,  -0.0408,  0.5216,  0.0184,  0.0506,  -0.0586,  -0.5452,  -0.3958,  -0.2135,  -0.0111,  -0.0012,  0.0309],  
 [0.6922,  0.4148,  0.3674,  0.0165,  -0.0231,  -0.0185,  -7.3864,  -2.7596,  -6.6862,  -0.4348,  -0.0520,  0.8967,  -0.1197,  -0.0659,  0.0471,  -0.0229,  0.1316,  0.0010,  -1.8670,  -1.0866,  -0.9187,  -0.0691,  -0.0586,  0.1482,  0.7000,  -0.4607,  0.0628,  0.0007,  -0.0019,  -0.0181],  
 [7.7208,  -0.9556,  -0.3667,  0.1057,  -0.0060,  0.4443,  -5.4996,  -0.4114,  -1.9661,  -0.2319,  -0.2723,  -0.1197,  7.7509,  -0.0000,  0.0000,  0.0323,  -0.0000,  -0.0000,  5.4996,  0.4114,  1.9661,  0.2319,  0.2723,  0.1197,  7.7208,  0.9556,  0.3667,  0.1057,  0.0060,  -0.4443],  
 [-4.4661,  5.5880,  5.7010,  -0.0468,  -0.2086,  -0.0876,  -5.5544,  -2.4158,  3.9836,  0.0725,  -0.0078,  -0.0659,  -0.0000,  14.8818,  -4.5610,  0.0000,  0.0412,  -0.1649,  -5.5544,  -2.4158,  3.9836,  0.0725,  -0.0078,  -0.0659,  4.4661,  5.5880,  5.7010,  0.0468,  -0.2086,  -0.0876],  
 [4.0655,  -5.8507,  -2.2926,  -0.5488,  0.0452,  0.0273,  5.3146,  -6.3625,  -13.1790,  -0.3922,  -0.3795,  0.0471,  0.0000,  -4.5610,  13.1892,  0.0000,  0.2612,  0.1572,  5.3146,  -6.3625,  -13.1790,  -0.3922,  -0.3795,  0.0471,  -4.0655,  -5.8507,  -2.2926,  0.5488,  0.0452,  0.0273],  
 [0.5820,  -0.1381,  -0.9811,  0.0105,  -0.0111,  -0.0098,  -0.5409,  1.4624,  1.2037,  0.0286,  0.0652,  -0.0229,  0.0323,  0.0000,  0.0000,  0.2413,  0.0000,  0.0000,  0.5409,  -1.4624,  -1.2037,  -0.0286,  -0.0652,  0.0229,  0.5820,  0.1381,  0.9811,  0.0105,  0.0111,  0.0098],  
 [-0.3685,  -0.4619,  1.1680,  -0.0275,  -0.0396,  0.0045,  -3.3046,  -0.5662,  -0.5368,  -0.0442,  -0.0612,  0.1316,  -0.0000,  0.0412,  0.2612,  0.0000,  0.1923,  -0.0119,  -3.3046,  -0.5662,  -0.5368,  -0.0442,  -0.0612,  0.1316,  0.3685,  -0.4619,  1.1680,  0.0275,  -0.0396,  0.0045],  
 [0.4612,  0.0773,  0.0960,  -0.0037,  -0.0157,  0.0372,  0.4794,  -0.0042,  -0.1673,  0.0015,  0.0061,  0.0010,  -0.0000,  -0.1649,  0.1572,  0.0000,  -0.0119,  0.0353,  0.4794,  -0.0042,  -0.1673,  0.0015,  0.0061,  0.0010,  -0.4612,  0.0773,  0.0960,  0.0037,  -0.0157,  0.0372],  
 [37.0516,  15.0486,  -19.9735,  0.4191,  0.6806,  0.5312,  53.0674,  18.0580,  -7.8787,  0.2490,  0.4941,  -1.8670,  5.4996,  -5.5544,  5.3146,  0.5409,  -3.3046,  0.4794,  192.4779,  19.9650,  -91.1706,  -3.9032,  -2.8141,  -7.3864,  15.0762,  5.9902,  -22.5805,  0.1115,  1.0106,  -0.3881],  
 [-0.9986,  -14.4112,  1.9089,  -0.2004,  0.3739,  0.7646,  18.0580,  12.1542,  -9.5167,  0.2863,  -0.0408,  -1.0866,  0.4114,  -2.4158,  -6.3625,  -1.4624,  -0.5662,  -0.0042,  19.9650,  154.1616,  11.5790,  3.6313,  2.0148,  -2.7596,  -0.9584,  -10.8446,  3.9001,  0.1360,  0.2920,  0.4787],  
 [-2.2546,  -2.4368,  2.3387,  0.2273,  -0.5885,  0.1690,  -7.8787,  -9.5167,  35.0440,  1.4768,  0.5216,  -0.9187,  1.9661,  3.9836,  -13.1790,  -1.2037,  -0.5368,  -0.1673,  -91.1706,  11.5790,  361.8993,  20.1233,  7.2922,  -6.6862,  0.9817,  -3.1424,  4.8336,  0.2710,  -0.3845,  0.1908],  
 [0.3132,  -0.2673,  -0.1427,  0.0186,  -0.0061,  0.0050,  0.2490,  0.2863,  1.4768,  0.1048,  0.0184,  -0.0691,  0.2319,  0.0725,  -0.3922,  -0.0286,  -0.0442,  0.0015,  -3.9032,  3.6313,  20.1233,  1.4137,  0.3996,  -0.4348,  0.1278,  -0.0828,  -0.1036,  0.0039,  -0.0079,  -0.0096],  
 [0.5452,  -0.3958,  -0.2135,  0.0111,  -0.0012,  0.0309,  0.4941,  -0.0408,  0.5216,  0.0184,  0.0506,  -0.0586,  0.2723,  -0.0078,  -0.3795,  -0.0652,  -0.0612,  0.0061,  -2.8141,  2.0148,  7.2922,  0.3996,  0.4417,  -0.0520,  -0.0062,  -0.3312,  -0.2248,  0.0133,  0.0079,  0.0082],  
 [-0.7000,  -0.4607,  0.0628,  -0.0007,  -0.0019,  -0.0181,  -1.8670,  -1.0866,  -0.9187,  -0.0691,  -0.0586,  0.1482,  0.1197,  -0.0659,  0.0471,  0.0229,  0.1316,  0.0010,  -7.3864,  -2.7596,  -6.6862,  -0.4348,  -0.0520,  0.8967,  -0.6922,  0.4148,  0.3674,  -0.0165,  -0.0231,  -0.0185],  
 [29.5618,  12.4894,  8.0034,  0.0370,  -0.3652,  0.7136,  -37.0516,  0.9986,  2.2546,  -0.3132,  -0.5452,  0.7000,  7.7208,  4.4661,  -4.0655,  0.5820,  0.3685,  -0.4612,  15.0762,  -0.9584,  0.9817,  0.1278,  -0.0062,  -0.6922,  54.7282,  6.8178,  9.6666,  0.2550,  -0.3251,  -0.4924],  
 [-12.4894,  42.6223,  7.7244,  -0.2074,  -0.9785,  0.8053,  15.0486,  -14.4112,  -2.4368,  -0.2673,  -0.3958,  -0.4607,  0.9556,  5.5880,  -5.8507,  0.1381,  -0.4619,  0.0773,  5.9902,  -10.8446,  -3.1424,  -0.0828,  -0.3312,  0.4148,  6.8178,  62.5807,  7.2509,  0.2701,  -1.0038,  0.6905],  
 [-8.0034,  7.7244,  83.0683,  -0.7528,  -3.1820,  5.0956,  -19.9735,  1.9089,  2.3387,  -0.1427,  -0.2135,  0.0628,  0.3667,  5.7010,  -2.2926,  0.9811,  1.1680,  0.0960,  -22.5805,  3.9001,  4.8336,  -0.1036,  -0.2248,  0.3674,  9.6666,  7.2509,  101.4467,  0.8717,  -2.9595,  5.2121],  
 [0.0370,  0.2074,  0.7528,  0.0035,  -0.0223,  0.0644,  -0.4191,  0.2004,  -0.2273,  -0.0186,  -0.0111,  0.0007,  0.1057,  0.0468,  0.5488,  0.0105,  0.0275,  0.0037,  0.1115,  0.1360,  0.2710,  0.0039,  0.0133,  -0.0165,  0.2550,  0.2701,  0.8717,  0.1961,  -0.0351,  0.0574],  
 [0.3652,  -0.9785,  -3.1820,  0.0223,  0.1936,  -0.2198,  0.6806,  0.3739,  -0.5885,  -0.0061,  -0.0012,  -0.0019,  0.0060,  -0.2086,  0.0452,  0.0111,  -0.0396,  -0.0157,  1.0106,  0.2920,  -0.3845,  -0.0079,  0.0079,  -0.0231,  -0.3251,  -1.0038,  -2.9595,  -0.0351,  0.2288,  -0.2177],  
 [-0.7136,  0.8053,  5.0956,  -0.0644,  -0.2198,  0.5569,  0.5312,  0.7646,  0.1690,  0.0050,  0.0309,  -0.0181,  -0.4443,  -0.0876,  0.0273,  0.0098,  0.0045,  0.0372,  -0.3881,  0.4787,  0.1908,  -0.0096,  0.0082,  -0.0185,  -0.4924,  0.6905,  5.2121,  0.0574,  -0.2177,  0.6295]]
