[-0.3100,  -6.2500,  0.3463,  0.1405,  -0.1215,  0.0097,  7.7069,  -38.5091,  -36.3777,  -3.3232,  8.4630,  -1.2762,  0.0000,  5.9149,  33.9090,  0.0000,  0.2632,  3.3361,  7.7069,  -38.5091,  -36.3777,  -3.3232,  8.4630,  -1.2762,  0.3100,  -6.2500,  0.3463,  -0.1405,  -0.1215,  0.0097]
[[0.0795,  0.0109,  -0.0047,  -0.1138,  -0.1906,  0.1262,  -0.0112,  0.0010,  -0.0063,  0.0062,  -0.0365,  -0.2019,  0.0089,  -0.0193,  -0.0323,  -0.0214,  -0.2267,  -1.4449,  -0.0351,  -0.0021,  -0.0159,  0.0445,  -0.2055,  -0.4239,  -0.0557,  0.0076,  -0.0050,  0.2063,  0.1002,  -0.0275],  
 [0.0109,  0.0314,  0.0125,  0.0922,  0.0119,  0.1057,  -0.0003,  0.0004,  0.0006,  -0.0256,  -0.0188,  -0.0636,  -0.0135,  0.0058,  0.0135,  0.1791,  -0.0381,  -0.0408,  -0.0098,  0.0062,  0.0039,  -0.1141,  -0.0729,  -0.0534,  -0.0076,  -0.0088,  -0.0179,  -0.0459,  0.1540,  -0.0212],  
 [-0.0047,  0.0125,  0.1044,  -0.0406,  -0.4566,  0.0759,  -0.0002,  -0.0158,  -0.0210,  0.3366,  0.0126,  -0.0909,  -0.0197,  -0.0071,  0.0021,  0.9110,  -0.0375,  -0.0458,  0.0022,  0.0145,  0.0226,  -0.3381,  0.0051,  0.1133,  0.0050,  -0.0179,  -0.0736,  -0.0010,  0.1986,  -0.2726],  
 [-0.1138,  0.0922,  -0.0406,  9.0022,  2.0202,  0.8638,  0.1899,  0.1164,  0.2559,  -3.1084,  0.7660,  2.1384,  -0.0185,  0.1831,  0.8805,  0.0330,  0.8224,  3.1607,  -0.0749,  0.0980,  0.1296,  -2.5166,  -0.8576,  -0.2813,  0.2063,  0.0459,  0.0010,  -2.9056,  1.9961,  -1.1140],  
 [-0.1906,  0.0119,  -0.4566,  2.0202,  28.7369,  -1.0937,  -0.2637,  -0.0097,  -0.1219,  0.8528,  -2.0176,  -1.8286,  0.0316,  0.1271,  0.1800,  0.6633,  0.8158,  3.4372,  0.3348,  0.0555,  0.2388,  -2.2878,  2.0796,  2.9240,  -0.1002,  0.1540,  0.1986,  -1.9961,  -12.6055,  2.9785],  
 [0.1262,  0.1057,  0.0759,  0.8638,  -1.0937,  16.3661,  -0.1242,  0.0112,  -0.0680,  0.0724,  -1.2806,  -2.0113,  -1.5999,  0.1144,  -0.0564,  4.8285,  0.0263,  2.0814,  0.0758,  -0.0180,  0.0383,  0.0510,  1.0814,  1.4905,  0.0275,  -0.0212,  -0.2726,  1.1140,  2.9785,  -12.1788],  
 [-0.0112,  -0.0003,  -0.0002,  0.1899,  -0.2637,  -0.1242,  0.0680,  0.0076,  0.0342,  -0.1240,  0.2822,  0.7263,  0.0441,  0.0007,  0.0019,  -0.0918,  0.7536,  0.2998,  -0.0017,  0.0002,  -0.0013,  0.0071,  -0.0090,  -0.0207,  0.0351,  -0.0098,  0.0022,  0.0749,  0.3348,  0.0758],  
 [0.0010,  0.0004,  -0.0158,  0.1164,  -0.0097,  0.0112,  0.0076,  0.0174,  0.0187,  -0.2386,  -0.0323,  0.1501,  -0.0022,  0.0058,  0.0251,  -0.2577,  0.1023,  -0.0142,  0.0002,  -0.0007,  -0.0007,  0.0071,  0.0061,  0.0002,  0.0021,  0.0062,  0.0145,  -0.0980,  0.0555,  -0.0180],  
 [-0.0063,  0.0006,  -0.0210,  0.2559,  -0.1219,  -0.0680,  0.0342,  0.0187,  0.0473,  -0.4975,  0.0070,  0.4562,  0.0166,  0.0076,  0.0423,  -0.3863,  0.3304,  0.1838,  -0.0013,  -0.0007,  -0.0024,  0.0224,  0.0133,  -0.0271,  0.0159,  0.0039,  0.0226,  -0.1296,  0.2388,  0.0383],  
 [0.0062,  -0.0256,  0.3366,  -3.1084,  0.8528,  0.0724,  -0.1240,  -0.2386,  -0.4975,  7.7327,  0.3161,  -2.1424,  0.0303,  -0.0946,  -0.6691,  5.9488,  -1.3238,  -0.9125,  0.0071,  0.0071,  0.0224,  -0.3541,  0.1063,  0.1946,  -0.0445,  -0.1141,  -0.3381,  2.5166,  -2.2878,  0.0510],  
 [-0.0365,  -0.0188,  0.0126,  0.7660,  -2.0176,  -1.2806,  0.2822,  -0.0323,  0.0070,  0.3161,  5.5122,  2.4116,  0.3749,  -0.0315,  -0.0690,  -1.0458,  4.1228,  1.7238,  -0.0090,  0.0061,  0.0133,  0.1063,  -1.2258,  0.0159,  0.2055,  -0.0729,  0.0051,  0.8576,  2.0796,  1.0814],  
 [-0.2019,  -0.0636,  -0.0909,  2.1384,  -1.8286,  -2.0113,  0.7263,  0.1501,  0.4562,  -2.1424,  2.4116,  9.5484,  0.6276,  0.0937,  0.1613,  -1.8542,  6.7476,  4.4142,  -0.0207,  0.0002,  -0.0271,  0.1946,  0.0159,  -0.4195,  0.4239,  -0.0534,  0.1133,  0.2813,  2.9240,  1.4905],  
 [0.0089,  -0.0135,  -0.0197,  -0.0185,  0.0316,  -1.5999,  0.0441,  -0.0022,  0.0166,  0.0303,  0.3749,  0.6276,  0.3056,  0.0000,  0.0000,  -0.6813,  0.0000,  -0.0000,  -0.0441,  0.0022,  -0.0166,  -0.0303,  -0.3749,  -0.6276,  0.0089,  0.0135,  0.0197,  -0.0185,  -0.0316,  1.5999],  
 [-0.0193,  0.0058,  -0.0071,  0.1831,  0.1271,  0.1144,  0.0007,  0.0058,  0.0076,  -0.0946,  -0.0315,  0.0937,  0.0000,  0.0671,  0.0526,  0.0000,  -0.0599,  0.5863,  0.0007,  0.0058,  0.0076,  -0.0946,  -0.0315,  0.0937,  0.0193,  0.0058,  -0.0071,  -0.1831,  0.1271,  0.1144],  
 [-0.0323,  0.0135,  0.0021,  0.8805,  0.1800,  -0.0564,  0.0019,  0.0251,  0.0423,  -0.6691,  -0.0690,  0.1613,  0.0000,  0.0526,  0.2423,  0.0000,  -0.2383,  0.5007,  0.0019,  0.0251,  0.0423,  -0.6691,  -0.0690,  0.1613,  0.0323,  0.0135,  0.0021,  -0.8805,  0.1800,  -0.0564],  
 [-0.0214,  0.1791,  0.9110,  0.0330,  0.6633,  4.8285,  -0.0918,  -0.2577,  -0.3863,  5.9488,  -1.0458,  -1.8542,  -0.6813,  0.0000,  0.0000,  17.4728,  -0.0000,  -0.0000,  0.0918,  0.2577,  0.3863,  -5.9488,  1.0458,  1.8542,  -0.0214,  -0.1791,  -0.9110,  0.0330,  -0.6633,  -4.8285],  
 [-0.2267,  -0.0381,  -0.0375,  0.8224,  0.8158,  0.0263,  0.7536,  0.1023,  0.3304,  -1.3238,  4.1228,  6.7476,  0.0000,  -0.0599,  -0.2383,  -0.0000,  23.1719,  1.1198,  0.7536,  0.1023,  0.3304,  -1.3238,  4.1228,  6.7476,  0.2267,  -0.0381,  -0.0375,  -0.8224,  0.8158,  0.0263],  
 [-1.4449,  -0.0408,  -0.0458,  3.1607,  3.4372,  2.0814,  0.2998,  -0.0142,  0.1838,  -0.9125,  1.7238,  4.4142,  -0.0000,  0.5863,  0.5007,  -0.0000,  1.1198,  53.3600,  0.2998,  -0.0142,  0.1838,  -0.9125,  1.7238,  4.4142,  1.4449,  -0.0408,  -0.0458,  -3.1607,  3.4372,  2.0814],  
 [-0.0351,  -0.0098,  0.0022,  -0.0749,  0.3348,  0.0758,  -0.0017,  0.0002,  -0.0013,  0.0071,  -0.0090,  -0.0207,  -0.0441,  0.0007,  0.0019,  0.0918,  0.7536,  0.2998,  0.0680,  0.0076,  0.0342,  -0.1240,  0.2822,  0.7263,  0.0112,  -0.0003,  -0.0002,  -0.1899,  -0.2637,  -0.1242],  
 [-0.0021,  0.0062,  0.0145,  0.0980,  0.0555,  -0.0180,  0.0002,  -0.0007,  -0.0007,  0.0071,  0.0061,  0.0002,  0.0022,  0.0058,  0.0251,  0.2577,  0.1023,  -0.0142,  0.0076,  0.0174,  0.0187,  -0.2386,  -0.0323,  0.1501,  -0.0010,  0.0004,  -0.0158,  -0.1164,  -0.0097,  0.0112],  
 [-0.0159,  0.0039,  0.0226,  0.1296,  0.2388,  0.0383,  -0.0013,  -0.0007,  -0.0024,  0.0224,  0.0133,  -0.0271,  -0.0166,  0.0076,  0.0423,  0.3863,  0.3304,  0.1838,  0.0342,  0.0187,  0.0473,  -0.4975,  0.0070,  0.4562,  0.0063,  0.0006,  -0.0210,  -0.2559,  -0.1219,  -0.0680],  
 [0.0445,  -0.1141,  -0.3381,  -2.5166,  -2.2878,  0.0510,  0.0071,  0.0071,  0.0224,  -0.3541,  0.1063,  0.1946,  -0.0303,  -0.0946,  -0.6691,  -5.9488,  -1.3238,  -0.9125,  -0.1240,  -0.2386,  -0.4975,  7.7327,  0.3161,  -2.1424,  -0.0062,  -0.0256,  0.3366,  3.1084,  0.8528,  0.0724],  
 [-0.2055,  -0.0729,  0.0051,  -0.8576,  2.0796,  1.0814,  -0.0090,  0.0061,  0.0133,  0.1063,  -1.2258,  0.0159,  -0.3749,  -0.0315,  -0.0690,  1.0458,  4.1228,  1.7238,  0.2822,  -0.0323,  0.0070,  0.3161,  5.5122,  2.4116,  0.0365,  -0.0188,  0.0126,  -0.7660,  -2.0176,  -1.2806],  
 [-0.4239,  -0.0534,  0.1133,  -0.2813,  2.9240,  1.4905,  -0.0207,  0.0002,  -0.0271,  0.1946,  0.0159,  -0.4195,  -0.6276,  0.0937,  0.1613,  1.8542,  6.7476,  4.4142,  0.7263,  0.1501,  0.4562,  -2.1424,  2.4116,  9.5484,  0.2019,  -0.0636,  -0.0909,  -2.1384,  -1.8286,  -2.0113],  
 [-0.0557,  -0.0076,  0.0050,  0.2063,  -0.1002,  0.0275,  0.0351,  0.0021,  0.0159,  -0.0445,  0.2055,  0.4239,  0.0089,  0.0193,  0.0323,  -0.0214,  0.2267,  1.4449,  0.0112,  -0.0010,  0.0063,  -0.0062,  0.0365,  0.2019,  0.0795,  -0.0109,  0.0047,  -0.1138,  0.1906,  -0.1262],  
 [0.0076,  -0.0088,  -0.0179,  0.0459,  0.1540,  -0.0212,  -0.0098,  0.0062,  0.0039,  -0.1141,  -0.0729,  -0.0534,  0.0135,  0.0058,  0.0135,  -0.1791,  -0.0381,  -0.0408,  -0.0003,  0.0004,  0.0006,  -0.0256,  -0.0188,  -0.0636,  -0.0109,  0.0314,  0.0125,  -0.0922,  0.0119,  0.1057],  
 [-0.0050,  -0.0179,  -0.0736,  0.0010,  0.1986,  -0.2726,  0.0022,  0.0145,  0.0226,  -0.3381,  0.0051,  0.1133,  0.0197,  -0.0071,  0.0021,  -0.9110,  -0.0375,  -0.0458,  -0.0002,  -0.0158,  -0.0210,  0.3366,  0.0126,  -0.0909,  0.0047,  0.0125,  0.1044,  0.0406,  -0.4566,  0.0759],  
 [0.2063,  -0.0459,  -0.0010,  -2.9056,  -1.9961,  1.1140,  0.0749,  -0.0980,  -0.1296,  2.5166,  0.8576,  0.2813,  -0.0185,  -0.1831,  -0.8805,  0.0330,  -0.8224,  -3.1607,  -0.1899,  -0.1164,  -0.2559,  3.1084,  -0.7660,  -2.1384,  -0.1138,  -0.0922,  0.0406,  9.0022,  -2.0202,  -0.8638],  
 [0.1002,  0.1540,  0.1986,  1.9961,  -12.6055,  2.9785,  0.3348,  0.0555,  0.2388,  -2.2878,  2.0796,  2.9240,  -0.0316,  0.1271,  0.1800,  -0.6633,  0.8158,  3.4372,  -0.2637,  -0.0097,  -0.1219,  0.8528,  -2.0176,  -1.8286,  0.1906,  0.0119,  -0.4566,  -2.0202,  28.7369,  -1.0937],  
 [-0.0275,  -0.0212,  -0.2726,  -1.1140,  2.9785,  -12.1788,  0.0758,  -0.0180,  0.0383,  0.0510,  1.0814,  1.4905,  1.5999,  0.1144,  -0.0564,  -4.8285,  0.0263,  2.0814,  -0.1242,  0.0112,  -0.0680,  0.0724,  -1.2806,  -2.0113,  -0.1262,  0.1057,  0.0759,  -0.8638,  -1.0937,  16.3661]]
[[70.2758,  -5.9880,  3.6550,  0.5142,  -0.0421,  -1.3510,  -4.2948,  -15.9026,  -15.3522,  -0.1247,  -0.4518,  1.9062,  -6.6963,  4.6562,  5.5759,  -0.3946,  -0.7359,  1.1123,  40.7625,  6.6711,  -13.6420,  -0.1620,  0.7298,  -0.4032,  17.7132,  -8.8441,  1.3889,  -0.0159,  -0.0463,  -0.0725],  
 [-5.9880,  63.0287,  -5.9149,  0.0353,  -0.4249,  -0.2031,  -3.3803,  -10.8730,  -5.2647,  0.0644,  0.4127,  1.3011,  3.0107,  -4.1378,  -2.0753,  -0.1683,  -0.9157,  -0.3891,  20.6136,  -12.1798,  4.7354,  0.2344,  0.8215,  -0.3699,  8.8441,  26.3957,  -1.0981,  0.2421,  -0.2463,  -0.3980],  
 [3.6550,  -5.9149,  35.7941,  0.1268,  0.4761,  0.9923,  -6.3814,  -0.5545,  -7.7493,  -0.2872,  -0.3096,  0.7294,  -2.3702,  1.7098,  0.3014,  -0.8359,  0.4783,  0.0665,  -2.5140,  3.2260,  -10.7324,  -0.2694,  -0.3987,  0.1438,  -1.3889,  -1.0981,  19.2325,  -0.1385,  0.1483,  1.0535],  
 [0.5142,  0.0353,  0.1268,  0.2307,  -0.0297,  -0.0058,  -1.0191,  -0.2507,  -0.8553,  -0.0165,  -0.0350,  0.0837,  0.1284,  0.0678,  -0.6155,  -0.0047,  -0.0082,  0.0048,  0.5637,  -0.4646,  0.0428,  0.0070,  0.0282,  0.0212,  -0.0159,  -0.2421,  0.1385,  0.0074,  -0.0041,  0.0144],  
 [-0.0421,  -0.4249,  0.4761,  -0.0297,  0.0634,  0.0041,  0.2038,  0.2154,  0.2366,  -0.0008,  0.0070,  -0.0299,  -0.0611,  0.0075,  0.0595,  -0.0094,  0.0102,  -0.0033,  -0.3175,  0.2703,  -0.2157,  0.0009,  -0.0181,  -0.0009,  0.0463,  -0.2463,  0.1483,  0.0041,  0.0230,  -0.0005],  
 [-1.3510,  -0.2031,  0.9923,  -0.0058,  0.0041,  0.2888,  0.1863,  0.6228,  0.5218,  0.0213,  -0.0045,  -0.0690,  0.7491,  -0.6290,  0.0579,  0.0013,  0.0028,  -0.0448,  -0.3497,  0.2314,  -0.1513,  -0.0015,  -0.0145,  0.0230,  0.0725,  -0.3980,  1.0535,  -0.0144,  -0.0005,  0.1660],  
 [-4.2948,  -3.3803,  -6.3814,  -1.0191,  0.2038,  0.1863,  361.6718,  89.4738,  -103.8934,  -5.2948,  0.2266,  -15.8340,  4.5710,  27.2915,  -8.8316,  0.4946,  -10.5332,  0.1285,  185.9701,  54.4948,  -3.5020,  0.2574,  2.7714,  -7.6472,  -40.7625,  20.6136,  -2.5140,  -0.5637,  -0.3175,  -0.3497],  
 [-15.9026,  -10.8730,  -0.5545,  -0.2507,  0.2154,  0.6228,  89.4738,  191.4583,  15.8571,  1.7702,  2.2499,  -9.0053,  16.4614,  5.9945,  -10.6140,  2.9998,  -3.1064,  -0.1128,  54.4948,  11.1594,  7.3762,  1.4039,  0.7153,  -2.5071,  -6.6711,  -12.1798,  3.2260,  0.4646,  0.2703,  0.2314],  
 [-15.3522,  -5.2647,  -7.7493,  -0.8553,  0.2366,  0.5218,  -103.8934,  15.8571,  446.7562,  21.6205,  8.4115,  -10.8969,  6.9347,  2.2928,  -9.0891,  1.6622,  -0.3563,  -0.6128,  -3.5020,  7.3762,  6.0803,  0.8442,  -0.1160,  -0.2548,  13.6420,  4.7354,  -10.7324,  -0.0428,  -0.2157,  -0.1513],  
 [-0.1247,  0.0644,  -0.2872,  -0.0165,  -0.0008,  0.0213,  -5.2948,  1.7702,  21.6205,  1.4368,  0.3713,  -0.4368,  -0.1700,  -0.2834,  0.5249,  -0.0473,  0.0026,  -0.0014,  0.2574,  1.4039,  0.8442,  0.0947,  0.0085,  -0.0829,  0.1620,  0.2344,  -0.2694,  -0.0070,  0.0009,  -0.0015],  
 [-0.4518,  0.4127,  -0.3096,  -0.0350,  0.0070,  -0.0045,  0.2266,  2.2499,  8.4115,  0.3713,  0.5347,  -0.2822,  -0.0554,  0.5023,  -0.5679,  0.0739,  -0.2072,  -0.0125,  2.7714,  0.7153,  -0.1160,  0.0085,  0.1150,  -0.1136,  -0.7298,  0.8215,  -0.3987,  -0.0282,  -0.0181,  -0.0145],  
 [1.9062,  1.3011,  0.7294,  0.0837,  -0.0299,  -0.0690,  -15.8340,  -9.0053,  -10.8969,  -0.4368,  -0.2822,  1.6759,  -1.6389,  -1.6489,  0.8993,  -0.2065,  0.4392,  0.0429,  -7.6472,  -2.5071,  -0.2548,  -0.0829,  -0.1136,  0.3603,  0.4032,  -0.3699,  0.1438,  -0.0212,  -0.0009,  0.0230],  
 [-6.6963,  3.0107,  -2.3702,  0.1284,  -0.0611,  0.7491,  4.5710,  16.4614,  6.9347,  -0.1700,  -0.0554,  -1.6389,  19.0210,  -0.0000,  0.0000,  1.1025,  0.0000,  -0.0000,  -4.5710,  -16.4614,  -6.9347,  0.1700,  0.0554,  1.6389,  -6.6963,  -3.0107,  2.3702,  0.1284,  0.0611,  -0.7491],  
 [4.6562,  -4.1378,  1.7098,  0.0678,  0.0075,  -0.6290,  27.2915,  5.9945,  2.2928,  -0.2834,  0.5023,  -1.6489,  -0.0000,  27.7770,  -7.7577,  0.0000,  -1.0727,  -0.0097,  27.2915,  5.9945,  2.2928,  -0.2834,  0.5023,  -1.6489,  -4.6562,  -4.1378,  1.7098,  -0.0678,  0.0075,  -0.6290],  
 [5.5759,  -2.0753,  0.3014,  -0.6155,  0.0595,  0.0579,  -8.8316,  -10.6140,  -9.0891,  0.5249,  -0.5679,  0.8993,  0.0000,  -7.7577,  19.1522,  -0.0000,  0.9703,  0.3072,  -8.8316,  -10.6140,  -9.0891,  0.5249,  -0.5679,  0.8993,  -5.5759,  -2.0753,  0.3014,  0.6155,  0.0595,  0.0579],  
 [-0.3946,  -0.1683,  -0.8359,  -0.0047,  -0.0094,  0.0013,  0.4946,  2.9998,  1.6622,  -0.0473,  0.0739,  -0.2065,  1.1025,  0.0000,  -0.0000,  0.3542,  0.0000,  0.0000,  -0.4946,  -2.9998,  -1.6622,  0.0473,  -0.0739,  0.2065,  -0.3946,  0.1683,  0.8359,  -0.0047,  0.0094,  -0.0013],  
 [-0.7359,  -0.9157,  0.4783,  -0.0082,  0.0102,  0.0028,  -10.5332,  -3.1064,  -0.3563,  0.0026,  -0.2072,  0.4392,  0.0000,  -1.0727,  0.9703,  0.0000,  0.5748,  0.0096,  -10.5332,  -3.1064,  -0.3563,  0.0026,  -0.2072,  0.4392,  0.7359,  -0.9157,  0.4783,  0.0082,  0.0102,  0.0028],  
 [1.1123,  -0.3891,  0.0665,  0.0048,  -0.0033,  -0.0448,  0.1285,  -0.1128,  -0.6128,  -0.0014,  -0.0125,  0.0429,  -0.0000,  -0.0097,  0.3072,  0.0000,  0.0096,  0.0753,  0.1285,  -0.1128,  -0.6128,  -0.0014,  -0.0125,  0.0429,  -1.1123,  -0.3891,  0.0665,  -0.0048,  -0.0033,  -0.0448],  
 [40.7625,  20.6136,  -2.5140,  0.5637,  -0.3175,  -0.3497,  185.9701,  54.4948,  -3.5020,  0.2574,  2.7714,  -7.6472,  -4.5710,  27.2915,  -8.8316,  -0.4946,  -10.5332,  0.1285,  361.6718,  89.4738,  -103.8934,  -5.2948,  0.2266,  -15.8340,  4.2948,  -3.3803,  -6.3814,  1.0191,  0.2038,  0.1863],  
 [6.6711,  -12.1798,  3.2260,  -0.4646,  0.2703,  0.2314,  54.4948,  11.1594,  7.3762,  1.4039,  0.7153,  -2.5071,  -16.4614,  5.9945,  -10.6140,  -2.9998,  -3.1064,  -0.1128,  89.4738,  191.4583,  15.8571,  1.7702,  2.2499,  -9.0053,  15.9026,  -10.8730,  -0.5545,  0.2507,  0.2154,  0.6228],  
 [-13.6420,  4.7354,  -10.7324,  0.0428,  -0.2157,  -0.1513,  -3.5020,  7.3762,  6.0803,  0.8442,  -0.1160,  -0.2548,  -6.9347,  2.2928,  -9.0891,  -1.6622,  -0.3563,  -0.6128,  -103.8934,  15.8571,  446.7562,  21.6205,  8.4115,  -10.8969,  15.3522,  -5.2647,  -7.7493,  0.8553,  0.2366,  0.5218],  
 [-0.1620,  0.2344,  -0.2694,  0.0070,  0.0009,  -0.0015,  0.2574,  1.4039,  0.8442,  0.0947,  0.0085,  -0.0829,  0.1700,  -0.2834,  0.5249,  0.0473,  0.0026,  -0.0014,  -5.2948,  1.7702,  21.6205,  1.4368,  0.3713,  -0.4368,  0.1247,  0.0644,  -0.2872,  0.0165,  -0.0008,  0.0213],  
 [0.7298,  0.8215,  -0.3987,  0.0282,  -0.0181,  -0.0145,  2.7714,  0.7153,  -0.1160,  0.0085,  0.1150,  -0.1136,  0.0554,  0.5023,  -0.5679,  -0.0739,  -0.2072,  -0.0125,  0.2266,  2.2499,  8.4115,  0.3713,  0.5347,  -0.2822,  0.4518,  0.4127,  -0.3096,  0.0350,  0.0070,  -0.0045],  
 [-0.4032,  -0.3699,  0.1438,  0.0212,  -0.0009,  0.0230,  -7.6472,  -2.5071,  -0.2548,  -0.0829,  -0.1136,  0.3603,  1.6389,  -1.6489,  0.8993,  0.2065,  0.4392,  0.0429,  -15.8340,  -9.0053,  -10.8969,  -0.4368,  -0.2822,  1.6759,  -1.9062,  1.3011,  0.7294,  -0.0837,  -0.0299,  -0.0690],  
 [17.7132,  8.8441,  -1.3889,  -0.0159,  0.0463,  0.0725,  -40.7625,  -6.6711,  13.6420,  0.1620,  -0.7298,  0.4032,  -6.6963,  -4.6562,  -5.5759,  -0.3946,  0.7359,  -1.1123,  4.2948,  15.9026,  15.3522,  0.1247,  0.4518,  -1.9062,  70.2758,  5.9880,  -3.6550,  0.5142,  0.0421,  1.3510],  
 [-8.8441,  26.3957,  -1.0981,  -0.2421,  -0.2463,  -0.3980,  20.6136,  -12.1798,  4.7354,  0.2344,  0.8215,  -0.3699,  -3.0107,  -4.1378,  -2.0753,  0.1683,  -0.9157,  -0.3891,  -3.3803,  -10.8730,  -5.2647,  0.0644,  0.4127,  1.3011,  5.9880,  63.0287,  -5.9149,  -0.0353,  -0.4249,  -0.2031],  
 [1.3889,  -1.0981,  19.2325,  0.1385,  0.1483,  1.0535,  -2.5140,  3.2260,  -10.7324,  -0.2694,  -0.3987,  0.1438,  2.3702,  1.7098,  0.3014,  0.8359,  0.4783,  0.0665,  -6.3814,  -0.5545,  -7.7493,  -0.2872,  -0.3096,  0.7294,  -3.6550,  -5.9149,  35.7941,  -0.1268,  0.4761,  0.9923],  
 [-0.0159,  0.2421,  -0.1385,  0.0074,  0.0041,  -0.0144,  -0.5637,  0.4646,  -0.0428,  -0.0070,  -0.0282,  -0.0212,  0.1284,  -0.0678,  0.6155,  -0.0047,  0.0082,  -0.0048,  1.0191,  0.2507,  0.8553,  0.0165,  0.0350,  -0.0837,  0.5142,  -0.0353,  -0.1268,  0.2307,  0.0297,  0.0058],  
 [-0.0463,  -0.2463,  0.1483,  -0.0041,  0.0230,  -0.0005,  -0.3175,  0.2703,  -0.2157,  0.0009,  -0.0181,  -0.0009,  0.0611,  0.0075,  0.0595,  0.0094,  0.0102,  -0.0033,  0.2038,  0.2154,  0.2366,  -0.0008,  0.0070,  -0.0299,  0.0421,  -0.4249,  0.4761,  0.0297,  0.0634,  0.0041],  
 [-0.0725,  -0.3980,  1.0535,  0.0144,  -0.0005,  0.1660,  -0.3497,  0.2314,  -0.1513,  -0.0015,  -0.0145,  0.0230,  -0.7491,  -0.6290,  0.0579,  -0.0013,  0.0028,  -0.0448,  0.1863,  0.6228,  0.5218,  0.0213,  -0.0045,  -0.0690,  1.3510,  -0.2031,  0.9923,  0.0058,  0.0041,  0.2888]]
