[-0.0710,  -7.9621,  0.0697,  0.0771,  -0.1264,  0.0316,  12.3567,  -30.5379,  -24.1323,  -3.0825,  9.1286,  -2.0071,  -0.3282,  1.7921,  32.4081,  0.2007,  -0.5233,  3.2558,  18.3672,  -32.5003,  -27.1267,  -3.1976,  8.9185,  -2.2889,  3.3254,  -6.8704,  0.9637,  0.1854,  -0.1118,  -0.0042]
[[0.1148,  0.0169,  -0.0090,  -0.1320,  -0.2339,  -0.1097,  -0.0126,  -0.0004,  -0.0091,  0.0299,  -0.0093,  -0.1997,  0.0191,  -0.0171,  -0.0422,  -0.1763,  -0.2297,  -2.2970,  -0.0380,  -0.0061,  -0.0247,  0.1481,  -0.2080,  -0.4142,  -0.0884,  0.0150,  0.0021,  0.2473,  0.1354,  0.1542],  
 [0.0169,  0.0413,  0.0119,  0.1190,  0.0288,  0.1093,  -0.0049,  0.0006,  0.0004,  -0.0631,  0.0074,  -0.1018,  -0.0062,  0.0007,  0.0233,  0.1851,  0.0402,  -0.4160,  -0.0048,  0.0081,  0.0051,  -0.1007,  -0.0359,  -0.0130,  -0.0244,  -0.0168,  -0.0133,  -0.0836,  0.1154,  -0.0944],  
 [-0.0090,  0.0119,  0.1044,  0.0258,  -0.0510,  -0.0780,  0.0003,  -0.0206,  -0.0300,  0.4275,  0.0166,  -0.0678,  0.0193,  0.0001,  0.0057,  1.1283,  0.0382,  0.1342,  0.0061,  0.0207,  0.0300,  -0.3932,  0.0129,  0.1536,  0.0008,  -0.0127,  -0.0848,  -0.0604,  0.0700,  0.0354],  
 [-0.1320,  0.1190,  0.0258,  11.3765,  -0.3655,  -0.3494,  0.1892,  0.1577,  0.3118,  -3.9479,  1.3503,  1.6645,  0.0820,  0.2608,  1.1987,  -1.4102,  2.8157,  1.9136,  0.0125,  0.1444,  0.1885,  -2.6486,  -0.2920,  0.7964,  0.2016,  0.0608,  0.0439,  -4.6383,  2.9256,  0.1717],  
 [-0.2339,  0.0288,  -0.0510,  -0.3655,  27.5985,  0.0265,  -0.2226,  0.0341,  -0.0441,  0.0573,  -2.1143,  -0.6078,  -0.2130,  0.0721,  0.3811,  2.5264,  0.7452,  0.9631,  0.3933,  0.0643,  0.2784,  -2.4296,  2.6204,  3.2332,  -0.0576,  0.1000,  0.1954,  -4.6005,  -14.9870,  -0.5269],  
 [-0.1097,  0.1093,  -0.0780,  -0.3494,  0.0265,  24.9415,  -0.1274,  0.0275,  -0.0466,  0.1496,  -1.9682,  -1.7858,  -2.5585,  -0.0042,  -0.1400,  3.2185,  0.4270,  -5.5861,  0.0991,  -0.0219,  0.0478,  -0.3389,  1.7412,  1.0398,  -0.2618,  -0.1732,  -0.0319,  0.9551,  -0.3021,  -22.1610],  
 [-0.0126,  -0.0049,  0.0003,  0.1892,  -0.2226,  -0.1274,  0.0607,  0.0009,  0.0258,  -0.0915,  0.2638,  0.5535,  0.0582,  0.0100,  0.0122,  -0.1006,  0.6369,  0.2663,  -0.0046,  0.0025,  0.0046,  -0.0599,  -0.0689,  -0.0177,  0.0386,  -0.0043,  0.0004,  0.0008,  0.3096,  0.0979],  
 [-0.0004,  0.0006,  -0.0206,  0.1577,  0.0341,  0.0275,  0.0009,  0.0184,  0.0203,  -0.3058,  -0.0389,  0.0565,  -0.0130,  0.0076,  0.0385,  -0.3363,  0.0444,  -0.0165,  0.0022,  -0.0020,  -0.0021,  0.0273,  0.0453,  0.0138,  -0.0001,  0.0092,  0.0215,  -0.1397,  0.0394,  -0.0390],  
 [-0.0091,  0.0004,  -0.0300,  0.3118,  -0.0441,  -0.0466,  0.0258,  0.0203,  0.0535,  -0.6287,  -0.0093,  0.3269,  0.0030,  0.0113,  0.0627,  -0.5393,  0.2773,  0.2255,  0.0022,  -0.0021,  -0.0036,  0.0486,  0.0669,  0.0147,  0.0169,  0.0076,  0.0334,  -0.1923,  0.2321,  -0.0026],  
 [0.0299,  -0.0631,  0.4275,  -3.9479,  0.0573,  0.1496,  -0.0915,  -0.3058,  -0.6287,  9.3341,  0.3909,  -1.6461,  0.2087,  -0.1089,  -0.8801,  7.6383,  -1.2663,  -1.3814,  -0.0372,  0.0229,  0.0510,  -0.8551,  -0.5179,  -0.3974,  -0.0527,  -0.1244,  -0.4560,  2.9233,  -2.6196,  0.3261],  
 [-0.0093,  0.0074,  0.0166,  1.3503,  -2.1143,  -1.9682,  0.2638,  -0.0389,  -0.0093,  0.3909,  5.2355,  1.7335,  0.5464,  0.0548,  0.0914,  -1.2197,  3.1289,  1.4212,  -0.0549,  0.0674,  0.1018,  -0.7277,  -3.0157,  0.3730,  0.2173,  -0.0215,  -0.0191,  0.0351,  3.0807,  1.9497],  
 [-0.1997,  -0.1018,  -0.0678,  1.6645,  -0.6078,  -1.7858,  0.5535,  0.0565,  0.3269,  -1.6461,  1.7335,  6.9214,  0.6434,  0.1411,  0.2450,  -1.5438,  4.6273,  3.3354,  -0.0260,  0.0066,  0.0205,  -0.4170,  0.0330,  -0.3812,  0.3866,  0.0252,  0.1057,  -0.4071,  1.9078,  1.3208],  
 [0.0191,  -0.0062,  0.0193,  0.0820,  -0.2130,  -2.5585,  0.0582,  -0.0130,  0.0030,  0.2087,  0.5464,  0.6434,  0.4749,  0.0143,  0.0101,  -0.2748,  -0.0177,  0.1297,  -0.0532,  0.0027,  -0.0143,  -0.0237,  -0.5138,  -0.5407,  0.0232,  0.0108,  -0.0148,  -0.0217,  0.1997,  2.5329],  
 [-0.0171,  0.0007,  0.0001,  0.2608,  0.0721,  -0.0042,  0.0100,  0.0076,  0.0113,  -0.1089,  0.0548,  0.1411,  0.0143,  0.1017,  0.0623,  0.0223,  0.2386,  0.4985,  0.0101,  0.0077,  0.0130,  -0.1437,  0.0472,  0.1417,  0.0134,  -0.0018,  -0.0035,  -0.2649,  0.0711,  0.0576],  
 [-0.0422,  0.0233,  0.0057,  1.1987,  0.3811,  -0.1400,  0.0122,  0.0385,  0.0627,  -0.8801,  0.0914,  0.2450,  0.0101,  0.0623,  0.3250,  -0.0499,  0.1604,  0.4468,  0.0218,  0.0371,  0.0580,  -0.7275,  0.1061,  0.3867,  0.0379,  0.0236,  0.0130,  -1.2032,  0.2127,  0.0452],  
 [-0.1763,  0.1851,  1.1283,  -1.4102,  2.5264,  3.2185,  -0.1006,  -0.3363,  -0.5393,  7.6383,  -1.2197,  -1.5438,  -0.2748,  0.0223,  -0.0499,  20.4017,  1.3604,  -0.2376,  0.2028,  0.3238,  0.4916,  -6.3482,  1.6752,  2.7930,  -0.1025,  -0.2354,  -1.0899,  -0.8594,  -2.8297,  -3.0674],  
 [-0.2297,  0.0402,  0.0382,  2.8157,  0.7452,  0.4270,  0.6369,  0.0444,  0.2773,  -1.2663,  3.1289,  4.6273,  -0.0177,  0.2386,  0.1604,  1.3604,  23.1835,  0.7957,  0.6559,  0.1391,  0.3712,  -1.7770,  2.6860,  5.8650,  0.2883,  -0.0648,  -0.0885,  -2.5372,  0.5376,  -0.1182],  
 [-2.2970,  -0.4160,  0.1342,  1.9136,  0.9631,  -5.5861,  0.2663,  -0.0165,  0.2255,  -1.3814,  1.4212,  3.3354,  0.1297,  0.4985,  0.4468,  -0.2376,  0.7957,  87.0697,  0.3073,  0.0340,  0.2896,  -2.0565,  1.2021,  4.0634,  2.3543,  -0.3353,  0.1491,  -2.9934,  0.1055,  2.0792],  
 [-0.0380,  -0.0048,  0.0061,  0.0125,  0.3933,  0.0991,  -0.0046,  0.0022,  0.0022,  -0.0372,  -0.0549,  -0.0260,  -0.0532,  0.0101,  0.0218,  0.2028,  0.6559,  0.3073,  0.0639,  0.0099,  0.0352,  -0.1609,  0.2770,  0.6550,  0.0118,  -0.0008,  -0.0019,  -0.2275,  -0.2714,  -0.1601],  
 [-0.0061,  0.0081,  0.0207,  0.1444,  0.0643,  -0.0219,  0.0025,  -0.0020,  -0.0021,  0.0229,  0.0674,  0.0066,  0.0027,  0.0077,  0.0371,  0.3238,  0.1391,  0.0340,  0.0099,  0.0220,  0.0256,  -0.3058,  -0.0174,  0.1856,  0.0043,  -0.0003,  -0.0183,  -0.1692,  0.0074,  0.0042],  
 [-0.0247,  0.0051,  0.0300,  0.1885,  0.2784,  0.0478,  0.0046,  -0.0021,  -0.0036,  0.0510,  0.1018,  0.0205,  -0.0143,  0.0130,  0.0580,  0.4916,  0.3712,  0.2896,  0.0352,  0.0256,  0.0576,  -0.5973,  0.0096,  0.4735,  0.0163,  -0.0019,  -0.0230,  -0.3069,  -0.0996,  -0.0989],  
 [0.1481,  -0.1007,  -0.3932,  -2.6486,  -2.4296,  -0.3389,  -0.0599,  0.0273,  0.0486,  -0.8551,  -0.7277,  -0.4170,  -0.0237,  -0.1437,  -0.7275,  -6.3482,  -1.7770,  -2.0565,  -0.1609,  -0.3058,  -0.5973,  8.4203,  0.1960,  -2.5654,  -0.1245,  0.0069,  0.3164,  3.3992,  0.6405,  0.7182],  
 [-0.2080,  -0.0359,  0.0129,  -0.2920,  2.6204,  1.7412,  -0.0689,  0.0453,  0.0669,  -0.5179,  -3.0157,  0.0330,  -0.5138,  0.0472,  0.1061,  1.6752,  2.6860,  1.2021,  0.2770,  -0.0174,  0.0096,  0.1960,  5.0902,  2.0056,  -0.0040,  -0.0003,  0.0042,  -1.2206,  -2.6544,  -2.0446],  
 [-0.4142,  -0.0130,  0.1536,  0.7964,  3.2332,  1.0398,  -0.0177,  0.0138,  0.0147,  -0.3974,  0.3730,  -0.3812,  -0.5407,  0.1417,  0.3867,  2.7930,  5.8650,  4.0634,  0.6550,  0.1856,  0.4735,  -2.5654,  2.0056,  8.6822,  0.2033,  -0.0328,  -0.1085,  -2.4868,  -1.2580,  -1.8015],  
 [-0.0884,  -0.0244,  0.0008,  0.2016,  -0.0576,  -0.2618,  0.0386,  -0.0001,  0.0169,  -0.0527,  0.2173,  0.3866,  0.0232,  0.0134,  0.0379,  -0.1025,  0.2883,  2.3543,  0.0118,  0.0043,  0.0163,  -0.1245,  -0.0040,  0.2033,  0.1170,  -0.0056,  0.0055,  -0.1671,  0.0975,  0.2305],  
 [0.0150,  -0.0168,  -0.0127,  0.0608,  0.1000,  -0.1732,  -0.0043,  0.0092,  0.0076,  -0.1244,  -0.0215,  0.0252,  0.0108,  -0.0018,  0.0236,  -0.2354,  -0.0648,  -0.3353,  -0.0008,  -0.0003,  -0.0019,  0.0069,  -0.0003,  -0.0328,  -0.0056,  0.0375,  0.0164,  -0.0838,  -0.0239,  0.1751],  
 [0.0021,  -0.0133,  -0.0848,  0.0439,  0.1954,  -0.0319,  0.0004,  0.0215,  0.0334,  -0.4560,  -0.0191,  0.1057,  -0.0148,  -0.0035,  0.0130,  -1.0899,  -0.0885,  0.1491,  -0.0019,  -0.0183,  -0.0230,  0.3164,  0.0042,  -0.1085,  0.0055,  0.0164,  0.1219,  -0.1305,  -0.4547,  -0.1107],  
 [0.2473,  -0.0836,  -0.0604,  -4.6383,  -4.6005,  0.9551,  0.0008,  -0.1397,  -0.1923,  2.9233,  0.0351,  -0.4071,  -0.0217,  -0.2649,  -1.2032,  -0.8594,  -2.5372,  -2.9934,  -0.2275,  -0.1692,  -0.3069,  3.3992,  -1.2206,  -2.4868,  -0.1671,  -0.0838,  -0.1305,  11.4422,  3.8557,  -0.4329],  
 [0.1354,  0.1154,  0.0700,  2.9256,  -14.9870,  -0.3021,  0.3096,  0.0394,  0.2321,  -2.6196,  3.0807,  1.9078,  0.1997,  0.0711,  0.2127,  -2.8297,  0.5376,  0.1055,  -0.2714,  0.0074,  -0.0996,  0.6405,  -2.6544,  -1.2580,  0.0975,  -0.0239,  -0.4547,  3.8557,  30.2900,  0.3846],  
 [0.1542,  -0.0944,  0.0354,  0.1717,  -0.5269,  -22.1610,  0.0979,  -0.0390,  -0.0026,  0.3261,  1.9497,  1.3208,  2.5329,  0.0576,  0.0452,  -3.0674,  -0.1182,  2.0792,  -0.1601,  0.0042,  -0.0989,  0.7182,  -2.0446,  -1.8015,  0.2305,  0.1751,  -0.1107,  -0.4329,  0.3846,  24.5923]]
[[70.9698,  -6.0455,  -0.7208,  0.3120,  0.0904,  1.4838,  -16.9264,  15.0276,  5.9240,  0.2272,  0.1796,  0.4787,  12.0881,  -2.3265,  2.4333,  0.6535,  -1.0886,  0.5404,  63.5289,  7.0019,  -11.2057,  0.2112,  0.6198,  -1.5264,  44.8666,  -21.4074,  -1.3765,  0.0380,  0.1370,  -0.2697],  
 [-6.0455,  61.2230,  -3.4283,  -0.0222,  -0.3669,  -0.2264,  6.9772,  -9.5125,  3.8511,  0.5019,  0.1278,  0.0934,  -0.1875,  4.3991,  -7.0331,  -0.2462,  -0.7001,  -0.0723,  11.8868,  -16.2612,  11.8896,  0.3585,  0.5076,  -0.5523,  11.0879,  38.2605,  -2.8353,  0.0582,  -0.3024,  -0.2682],  
 [-0.7208,  -3.4283,  37.5323,  -0.2668,  0.1895,  0.6645,  -7.7134,  4.5312,  0.4845,  0.0587,  -0.1493,  0.3024,  -0.7668,  1.4118,  0.1380,  -1.2500,  0.3136,  -0.1181,  -0.6761,  3.9953,  -1.9280,  -0.0143,  -0.0372,  -0.2319,  1.3987,  -5.0089,  15.9397,  0.2241,  0.1741,  0.5689],  
 [0.3120,  -0.0222,  -0.2668,  0.1683,  -0.0003,  0.0045,  -0.3298,  0.0363,  -0.1706,  -0.0054,  -0.0018,  0.0253,  0.1315,  -0.0486,  -0.5271,  0.0252,  -0.0262,  0.0024,  0.5247,  -0.2107,  0.2856,  0.0218,  0.0173,  -0.0055,  0.1727,  0.0012,  -0.0270,  0.0124,  -0.0045,  -0.0047],  
 [0.0904,  -0.3669,  0.1895,  -0.0003,  0.0596,  0.0046,  0.0801,  0.2290,  0.1309,  0.0095,  -0.0015,  -0.0241,  0.0012,  -0.0141,  -0.0035,  -0.0020,  0.0079,  -0.0018,  -0.2430,  0.3142,  -0.1956,  0.0042,  -0.0065,  0.0030,  0.0854,  -0.3478,  0.1184,  0.0063,  0.0271,  0.0034],  
 [1.4838,  -0.2264,  0.6645,  0.0045,  0.0046,  0.3069,  0.2816,  0.3669,  0.2083,  0.0063,  0.0093,  -0.0223,  0.6635,  -0.3009,  0.0779,  0.0043,  -0.0535,  0.0309,  2.0845,  0.5560,  -0.3615,  0.0042,  0.0364,  -0.0326,  0.4879,  -0.3725,  0.7151,  0.0031,  0.0156,  0.2089],  
 [-16.9264,  6.9772,  -7.7134,  -0.3298,  0.0801,  0.2816,  208.7771,  3.8472,  -97.4624,  -4.5344,  -1.8453,  -7.8268,  -10.7702,  0.3285,  7.1514,  -0.0616,  -3.7048,  0.7225,  64.6464,  12.6378,  -12.8643,  0.0722,  0.3565,  -2.3964,  -46.7233,  21.4795,  2.5232,  -0.1008,  -0.2247,  1.7187],  
 [15.0276,  -9.5125,  4.5312,  0.0363,  0.2290,  0.3669,  3.8472,  198.1486,  70.0448,  6.3013,  2.4795,  -3.5021,  7.7184,  -2.7642,  -14.9797,  2.4251,  -1.3614,  -0.1227,  33.2639,  21.1947,  10.4365,  1.4528,  0.0276,  -2.0503,  18.7054,  -24.2442,  1.0799,  0.2098,  0.1871,  0.0250],  
 [5.9240,  3.8511,  0.4845,  -0.1706,  0.1309,  0.2083,  -97.4624,  70.0448,  418.0110,  23.1086,  7.7661,  -7.9963,  7.2224,  3.4612,  -20.7766,  2.1987,  -1.2511,  -0.5149,  14.4912,  4.5457,  32.4256,  1.7642,  0.4726,  -2.0839,  21.0621,  1.0799,  -11.0891,  -0.2280,  -0.2712,  -0.3782],  
 [0.2272,  0.5019,  0.0587,  -0.0054,  0.0095,  0.0063,  -4.5344,  6.3013,  23.1086,  1.6446,  0.3594,  -0.3933,  -0.0086,  -0.1620,  -0.4082,  0.0274,  -0.0668,  -0.0036,  1.0090,  0.9098,  1.3408,  0.1158,  -0.0182,  -0.0973,  0.1794,  -0.2130,  -0.5431,  -0.0225,  -0.0002,  0.0099],  
 [0.1796,  0.1278,  -0.1493,  -0.0018,  -0.0015,  0.0093,  -1.8453,  2.4795,  7.7661,  0.3594,  0.6925,  -0.1556,  -0.1439,  0.0689,  -0.7467,  0.1019,  -0.1337,  -0.0014,  1.6029,  -0.5200,  0.2354,  -0.0105,  0.3058,  -0.1466,  -0.1559,  0.1325,  -0.3955,  -0.0059,  -0.0256,  0.0224],  
 [0.4787,  0.0934,  0.3024,  0.0253,  -0.0241,  -0.0223,  -7.8268,  -3.5021,  -7.9963,  -0.3933,  -0.1556,  1.0432,  -0.6207,  -0.4450,  0.4691,  -0.1203,  0.1757,  0.0165,  -3.4542,  -0.8433,  -0.8172,  -0.0740,  -0.1032,  0.2431,  -0.2621,  -1.0050,  -0.2321,  -0.0251,  0.0004,  0.0049],  
 [12.0881,  -0.1875,  -0.7668,  0.1315,  0.0012,  0.6635,  -10.7702,  7.7184,  7.2224,  -0.0086,  -0.1439,  -0.6207,  11.8703,  -0.3070,  -1.8946,  0.3300,  -0.0786,  -0.0383,  12.3504,  1.3852,  -0.1072,  0.1331,  0.3185,  -0.1979,  15.0760,  -2.0880,  0.4486,  0.1160,  0.0849,  -0.5879],  
 [-2.3265,  4.3991,  1.4118,  -0.0486,  -0.0141,  -0.3009,  0.3285,  -2.7642,  3.4612,  -0.1620,  0.0689,  -0.4450,  -0.3070,  13.4412,  -3.8870,  0.0395,  -0.1115,  -0.2004,  -0.8391,  -0.8250,  6.6826,  0.2594,  0.1354,  -0.3643,  4.2858,  4.9138,  1.0928,  0.0850,  -0.0251,  -0.2676],  
 [2.4333,  -7.0331,  0.1380,  -0.5271,  -0.0035,  0.0779,  7.1514,  -14.9797,  -20.7766,  -0.4082,  -0.7467,  0.4691,  -1.8946,  -3.8870,  15.4393,  -0.3698,  0.3856,  0.2008,  2.5946,  -3.7711,  -13.9301,  -0.3193,  -0.6626,  0.2841,  -6.7516,  -6.7725,  0.1823,  0.4933,  -0.0539,  0.1893],  
 [0.6535,  -0.2462,  -1.2500,  0.0252,  -0.0020,  0.0043,  -0.0616,  2.4251,  2.1987,  0.0274,  0.1019,  -0.1203,  0.3300,  0.0395,  -0.3698,  0.2925,  -0.0386,  -0.0059,  1.0185,  -1.0670,  -0.6535,  0.0172,  -0.0378,  -0.0064,  0.8852,  0.0785,  0.6524,  0.0083,  0.0154,  0.0002],  
 [-1.0886,  -0.7001,  0.3136,  -0.0262,  0.0079,  -0.0535,  -3.7048,  -1.3614,  -1.2511,  -0.0668,  -0.1337,  0.1757,  -0.0786,  -0.1115,  0.3856,  -0.0386,  0.2455,  -0.0162,  -4.9588,  -0.7765,  -0.2940,  -0.0492,  -0.0962,  0.2042,  -0.1697,  -0.2630,  0.2231,  0.0133,  0.0073,  -0.0446],  
 [0.5404,  -0.0723,  -0.1181,  0.0024,  -0.0018,  0.0309,  0.7225,  -0.1227,  -0.5149,  -0.0036,  -0.0014,  0.0165,  -0.0383,  -0.2004,  0.2008,  -0.0059,  -0.0162,  0.0443,  0.5352,  0.0688,  -0.3122,  -0.0048,  0.0008,  0.0062,  -0.7326,  0.0434,  -0.0901,  -0.0030,  -0.0030,  0.0289],  
 [63.5289,  11.8868,  -0.6761,  0.5247,  -0.2430,  2.0845,  64.6464,  33.2639,  14.4912,  1.0090,  1.6029,  -3.4542,  12.3504,  -0.8391,  2.5946,  1.0185,  -4.9588,  0.5352,  260.2452,  39.9941,  -96.7761,  -3.3651,  -2.4189,  -10.2730,  38.0862,  -10.9809,  -4.2127,  0.3801,  0.1224,  0.2931],  
 [7.0019,  -16.2612,  3.9953,  -0.2107,  0.3142,  0.5560,  12.6378,  21.1947,  4.5457,  0.9098,  -0.5200,  -0.8433,  1.3852,  -0.8250,  -3.7711,  -1.0670,  -0.7765,  0.0688,  39.9941,  143.2374,  -10.9389,  2.5289,  0.3809,  -3.6117,  3.5622,  -17.0628,  3.6754,  0.1866,  0.2505,  0.1681],  
 [-11.2057,  11.8896,  -1.9280,  0.2856,  -0.1956,  -0.3615,  -12.8643,  10.4365,  32.4256,  1.3408,  0.2354,  -0.8172,  -0.1072,  6.6826,  -13.9301,  -0.6535,  -0.2940,  -0.3122,  -96.7761,  -10.9389,  353.6938,  18.8134,  6.8666,  -7.0751,  -0.4117,  10.9025,  -1.3074,  0.2175,  0.0928,  0.0493],  
 [0.2112,  0.3585,  -0.0143,  0.0218,  0.0042,  0.0042,  0.0722,  1.4528,  1.7642,  0.1158,  -0.0105,  -0.0740,  0.1331,  0.2594,  -0.3193,  0.0172,  -0.0492,  -0.0048,  -3.3651,  2.5289,  18.8134,  1.3153,  0.3135,  -0.4629,  0.3937,  0.2780,  -0.0251,  0.0065,  0.0099,  -0.0009],  
 [0.6198,  0.5076,  -0.0372,  0.0173,  -0.0065,  0.0364,  0.3565,  0.0276,  0.4726,  -0.0182,  0.3058,  -0.1032,  0.3185,  0.1354,  -0.6626,  -0.0378,  -0.0962,  0.0008,  -2.4189,  0.3809,  6.8666,  0.3135,  0.6743,  -0.1313,  0.3788,  0.3116,  0.0105,  0.0093,  0.0034,  0.0172],  
 [-1.5264,  -0.5523,  -0.2319,  -0.0055,  0.0030,  -0.0326,  -2.3964,  -2.0503,  -2.0839,  -0.0973,  -0.1466,  0.2431,  -0.1979,  -0.3643,  0.2841,  -0.0064,  0.2042,  0.0062,  -10.2730,  -3.6117,  -7.0751,  -0.4629,  -0.1313,  1.0696,  -1.6891,  0.4076,  0.2050,  -0.0338,  -0.0173,  0.0046],  
 [44.8666,  11.0879,  1.3987,  0.1727,  0.0854,  0.4879,  -46.7233,  18.7054,  21.0621,  0.1794,  -0.1559,  -0.2621,  15.0760,  4.2858,  -6.7516,  0.8852,  -0.1697,  -0.7326,  38.0862,  3.5622,  -0.4117,  0.3937,  0.3788,  -1.6891,  76.0039,  -7.5256,  0.3187,  0.2659,  0.1829,  -1.4509],  
 [-21.4074,  38.2605,  -5.0089,  0.0012,  -0.3478,  -0.3725,  21.4795,  -24.2442,  1.0799,  -0.2130,  0.1325,  -1.0050,  -2.0880,  4.9138,  -6.7725,  0.0785,  -0.2630,  0.0434,  -10.9809,  -17.0628,  10.9025,  0.2780,  0.3116,  0.4076,  -7.5256,  66.1632,  -4.4817,  -0.0153,  -0.3227,  -0.3045],  
 [-1.3765,  -2.8353,  15.9397,  -0.0270,  0.1184,  0.7151,  2.5232,  1.0799,  -11.0891,  -0.5431,  -0.3955,  -0.2321,  0.4486,  1.0928,  0.1823,  0.6524,  0.2231,  -0.0901,  -4.2127,  3.6754,  -1.3074,  -0.0251,  0.0105,  0.2050,  0.3187,  -4.4817,  30.2906,  0.3076,  0.5319,  0.8501],  
 [0.0380,  0.0582,  0.2241,  0.0124,  0.0063,  0.0031,  -0.1008,  0.2098,  -0.2280,  -0.0225,  -0.0059,  -0.0251,  0.1160,  0.0850,  0.4933,  0.0083,  0.0133,  -0.0030,  0.3801,  0.1866,  0.2175,  0.0065,  0.0093,  -0.0338,  0.2659,  -0.0153,  0.3076,  0.1762,  -0.0154,  -0.0026],  
 [0.1370,  -0.3024,  0.1741,  -0.0045,  0.0271,  0.0156,  -0.2247,  0.1871,  -0.2712,  -0.0002,  -0.0256,  0.0004,  0.0849,  -0.0251,  -0.0539,  0.0154,  0.0073,  -0.0030,  0.1224,  0.2505,  0.0928,  0.0099,  0.0034,  -0.0173,  0.1829,  -0.3227,  0.5319,  -0.0154,  0.0647,  0.0108],  
 [-0.2697,  -0.2682,  0.5689,  -0.0047,  0.0034,  0.2089,  1.7187,  0.0250,  -0.3782,  0.0099,  0.0224,  0.0049,  -0.5879,  -0.2676,  0.1893,  0.0002,  -0.0446,  0.0289,  0.2931,  0.1681,  0.0493,  -0.0009,  0.0172,  0.0046,  -1.4509,  -0.3045,  0.8501,  -0.0026,  0.0108,  0.3013]]
