[-1.4906,  -5.5292,  0.3180,  -0.1764,  -0.1286,  -0.0167,  13.1980,  -33.4797,  -29.0385,  -3.1993,  8.9496,  -1.8633,  0.0000,  2.6240,  34.0070,  0.0000,  -0.3207,  3.2518,  13.1980,  -33.4797,  -29.0385,  -3.1993,  8.9496,  -1.8633,  1.4906,  -5.5292,  0.3180,  0.1764,  -0.1286,  -0.0167]
[[0.1183,  0.0110,  -0.0037,  -0.1656,  -0.2040,  -0.2066,  -0.0136,  -0.0011,  -0.0131,  0.0516,  0.0078,  -0.2204,  0.0292,  -0.0207,  -0.0471,  -0.1052,  -0.4130,  -2.3034,  -0.0456,  -0.0026,  -0.0198,  0.0654,  -0.3043,  -0.4872,  -0.0854,  0.0217,  -0.0008,  0.2789,  0.1420,  0.2060],  
 [0.0110,  0.0412,  0.0185,  0.0639,  -0.0078,  0.2066,  -0.0063,  -0.0003,  -0.0039,  -0.0098,  -0.0073,  -0.1128,  -0.0148,  -0.0022,  0.0160,  0.2693,  -0.1275,  -0.3524,  -0.0086,  0.0087,  0.0059,  -0.1189,  -0.0724,  -0.0218,  -0.0217,  -0.0165,  -0.0193,  -0.0312,  0.1053,  -0.1896],  
 [-0.0037,  0.0185,  0.1524,  0.1668,  -0.4715,  0.0775,  -0.0003,  -0.0250,  -0.0364,  0.5154,  0.0344,  -0.1313,  -0.0102,  -0.0029,  0.0046,  1.4434,  0.0014,  0.1034,  0.0043,  0.0256,  0.0407,  -0.5400,  -0.0109,  0.1758,  0.0008,  -0.0193,  -0.1206,  0.0601,  0.2921,  -0.1593],  
 [-0.1656,  0.0639,  0.1668,  10.5592,  -3.9048,  -0.1173,  0.2113,  0.1344,  0.2597,  -3.0262,  1.5077,  2.2152,  0.0682,  0.2795,  1.0139,  -0.3696,  1.6121,  4.0318,  -0.0351,  0.1353,  0.1698,  -2.5751,  -0.5069,  0.4001,  0.2789,  0.0312,  -0.0601,  -3.9580,  4.4283,  -0.4120],  
 [-0.2040,  -0.0078,  -0.4715,  -3.9048,  30.7692,  -0.9983,  -0.3016,  0.0329,  -0.0413,  0.1413,  -3.5290,  -1.5173,  -0.2258,  0.0084,  0.2225,  1.3120,  -0.2328,  0.1032,  0.3606,  0.0398,  0.1674,  -1.7686,  3.7422,  2.7454,  -0.1420,  0.1053,  0.2921,  -4.4283,  -16.8757,  0.7158],  
 [-0.2066,  0.2066,  0.0775,  -0.1173,  -0.9983,  26.4174,  -0.1281,  -0.0227,  -0.0786,  0.7674,  -2.1720,  -1.6629,  -2.4424,  0.0203,  -0.0609,  4.5254,  -0.2268,  -1.3562,  0.0588,  -0.0062,  0.0105,  -0.1995,  1.8133,  0.8480,  -0.2060,  -0.1896,  -0.1593,  0.4120,  0.7158,  -23.2334],  
 [-0.0136,  -0.0063,  -0.0003,  0.2113,  -0.3016,  -0.1281,  0.0730,  0.0064,  0.0319,  -0.1084,  0.3649,  0.7282,  0.0626,  0.0084,  0.0044,  -0.1561,  0.7423,  0.4501,  -0.0075,  -0.0014,  -0.0006,  0.0076,  -0.0997,  -0.0767,  0.0456,  -0.0086,  0.0043,  0.0351,  0.3606,  0.0588],  
 [-0.0011,  -0.0003,  -0.0250,  0.1344,  0.0329,  -0.0227,  0.0064,  0.0212,  0.0251,  -0.3107,  -0.0622,  0.1617,  -0.0016,  0.0076,  0.0350,  -0.3937,  0.0408,  0.0441,  -0.0014,  -0.0035,  -0.0055,  0.0453,  0.0545,  -0.0368,  0.0026,  0.0087,  0.0256,  -0.1353,  0.0398,  -0.0062],  
 [-0.0131,  -0.0039,  -0.0364,  0.2597,  -0.0413,  -0.0786,  0.0319,  0.0251,  0.0591,  -0.6177,  -0.0534,  0.4676,  0.0119,  0.0137,  0.0530,  -0.6230,  0.2554,  0.3441,  -0.0006,  -0.0055,  -0.0117,  0.1237,  0.1004,  -0.0448,  0.0198,  0.0059,  0.0407,  -0.1698,  0.1674,  0.0105],  
 [0.0516,  -0.0098,  0.5154,  -3.0262,  0.1413,  0.7674,  -0.1084,  -0.3107,  -0.6177,  9.0755,  0.2857,  -2.3499,  0.0547,  -0.1359,  -0.7428,  8.7065,  -0.3329,  -2.0023,  0.0076,  0.0453,  0.1237,  -1.7300,  -0.1489,  0.2095,  -0.0654,  -0.1189,  -0.5400,  2.5751,  -1.7686,  -0.1995],  
 [0.0078,  -0.0073,  0.0344,  1.5077,  -3.5290,  -2.1720,  0.3649,  -0.0622,  -0.0534,  0.2857,  8.0032,  2.4168,  0.6740,  0.0469,  0.0166,  -1.7065,  3.7767,  2.2230,  -0.0997,  0.0545,  0.1004,  -0.1489,  -4.6911,  -0.0529,  0.3043,  -0.0724,  -0.0109,  0.5069,  3.7422,  1.8133],  
 [-0.2204,  -0.1128,  -0.1313,  2.2152,  -1.5173,  -1.6629,  0.7282,  0.1617,  0.4676,  -2.3499,  2.4168,  9.2867,  0.6818,  0.1714,  0.2398,  -2.7160,  5.9570,  5.6996,  -0.0767,  -0.0368,  -0.0448,  0.2095,  -0.0529,  -1.1039,  0.4872,  -0.0218,  0.1758,  -0.4001,  2.7454,  0.8480],  
 [0.0292,  -0.0148,  -0.0102,  0.0682,  -0.2258,  -2.4424,  0.0626,  -0.0016,  0.0119,  0.0547,  0.6740,  0.6818,  0.4395,  -0.0000,  0.0000,  -0.6269,  -0.0000,  -0.0000,  -0.0626,  0.0016,  -0.0119,  -0.0547,  -0.6740,  -0.6818,  0.0292,  0.0148,  0.0102,  0.0682,  0.2258,  2.4424],  
 [-0.0207,  -0.0022,  -0.0029,  0.2795,  0.0084,  0.0203,  0.0084,  0.0076,  0.0137,  -0.1359,  0.0469,  0.1714,  -0.0000,  0.1153,  0.0673,  0.0000,  0.2852,  0.6726,  0.0084,  0.0076,  0.0137,  -0.1359,  0.0469,  0.1714,  0.0207,  -0.0022,  -0.0029,  -0.2795,  0.0084,  0.0203],  
 [-0.0471,  0.0160,  0.0046,  1.0139,  0.2225,  -0.0609,  0.0044,  0.0350,  0.0530,  -0.7428,  0.0166,  0.2398,  -0.0000,  0.0673,  0.2938,  0.0000,  -0.2837,  0.8754,  0.0044,  0.0350,  0.0530,  -0.7428,  0.0166,  0.2398,  0.0471,  0.0160,  0.0046,  -1.0139,  0.2225,  -0.0609],  
 [-0.1052,  0.2693,  1.4434,  -0.3696,  1.3120,  4.5254,  -0.1561,  -0.3937,  -0.6230,  8.7065,  -1.7065,  -2.7160,  -0.6269,  0.0000,  0.0000,  24.2780,  0.0000,  0.0000,  0.1561,  0.3937,  0.6230,  -8.7065,  1.7065,  2.7160,  -0.1052,  -0.2693,  -1.4434,  -0.3696,  -1.3120,  -4.5254],  
 [-0.4130,  -0.1275,  0.0014,  1.6121,  -0.2328,  -0.2268,  0.7423,  0.0408,  0.2554,  -0.3329,  3.7767,  5.9570,  -0.0000,  0.2852,  -0.2837,  0.0000,  25.6771,  7.3284,  0.7423,  0.0408,  0.2554,  -0.3329,  3.7767,  5.9570,  0.4130,  -0.1275,  0.0014,  -1.6121,  -0.2328,  -0.2268],  
 [-2.3034,  -0.3524,  0.1034,  4.0318,  0.1032,  -1.3562,  0.4501,  0.0441,  0.3441,  -2.0023,  2.2230,  5.6996,  -0.0000,  0.6726,  0.8754,  0.0000,  7.3284,  82.4717,  0.4501,  0.0441,  0.3441,  -2.0023,  2.2230,  5.6996,  2.3034,  -0.3524,  0.1034,  -4.0318,  0.1032,  -1.3562],  
 [-0.0456,  -0.0086,  0.0043,  -0.0351,  0.3606,  0.0588,  -0.0075,  -0.0014,  -0.0006,  0.0076,  -0.0997,  -0.0767,  -0.0626,  0.0084,  0.0044,  0.1561,  0.7423,  0.4501,  0.0730,  0.0064,  0.0319,  -0.1084,  0.3649,  0.7282,  0.0136,  -0.0063,  -0.0003,  -0.2113,  -0.3016,  -0.1281],  
 [-0.0026,  0.0087,  0.0256,  0.1353,  0.0398,  -0.0062,  -0.0014,  -0.0035,  -0.0055,  0.0453,  0.0545,  -0.0368,  0.0016,  0.0076,  0.0350,  0.3937,  0.0408,  0.0441,  0.0064,  0.0212,  0.0251,  -0.3107,  -0.0622,  0.1617,  0.0011,  -0.0003,  -0.0250,  -0.1344,  0.0329,  -0.0227],  
 [-0.0198,  0.0059,  0.0407,  0.1698,  0.1674,  0.0105,  -0.0006,  -0.0055,  -0.0117,  0.1237,  0.1004,  -0.0448,  -0.0119,  0.0137,  0.0530,  0.6230,  0.2554,  0.3441,  0.0319,  0.0251,  0.0591,  -0.6177,  -0.0534,  0.4676,  0.0131,  -0.0039,  -0.0364,  -0.2597,  -0.0413,  -0.0786],  
 [0.0654,  -0.1189,  -0.5400,  -2.5751,  -1.7686,  -0.1995,  0.0076,  0.0453,  0.1237,  -1.7300,  -0.1489,  0.2095,  -0.0547,  -0.1359,  -0.7428,  -8.7065,  -0.3329,  -2.0023,  -0.1084,  -0.3107,  -0.6177,  9.0755,  0.2857,  -2.3499,  -0.0516,  -0.0098,  0.5154,  3.0262,  0.1413,  0.7674],  
 [-0.3043,  -0.0724,  -0.0109,  -0.5069,  3.7422,  1.8133,  -0.0997,  0.0545,  0.1004,  -0.1489,  -4.6911,  -0.0529,  -0.6740,  0.0469,  0.0166,  1.7065,  3.7767,  2.2230,  0.3649,  -0.0622,  -0.0534,  0.2857,  8.0032,  2.4168,  -0.0078,  -0.0073,  0.0344,  -1.5077,  -3.5290,  -2.1720],  
 [-0.4872,  -0.0218,  0.1758,  0.4001,  2.7454,  0.8480,  -0.0767,  -0.0368,  -0.0448,  0.2095,  -0.0529,  -1.1039,  -0.6818,  0.1714,  0.2398,  2.7160,  5.9570,  5.6996,  0.7282,  0.1617,  0.4676,  -2.3499,  2.4168,  9.2867,  0.2204,  -0.1128,  -0.1313,  -2.2152,  -1.5173,  -1.6629],  
 [-0.0854,  -0.0217,  0.0008,  0.2789,  -0.1420,  -0.2060,  0.0456,  0.0026,  0.0198,  -0.0654,  0.3043,  0.4872,  0.0292,  0.0207,  0.0471,  -0.1052,  0.4130,  2.3034,  0.0136,  0.0011,  0.0131,  -0.0516,  -0.0078,  0.2204,  0.1183,  -0.0110,  0.0037,  -0.1656,  0.2040,  0.2066],  
 [0.0217,  -0.0165,  -0.0193,  0.0312,  0.1053,  -0.1896,  -0.0086,  0.0087,  0.0059,  -0.1189,  -0.0724,  -0.0218,  0.0148,  -0.0022,  0.0160,  -0.2693,  -0.1275,  -0.3524,  -0.0063,  -0.0003,  -0.0039,  -0.0098,  -0.0073,  -0.1128,  -0.0110,  0.0412,  0.0185,  -0.0639,  -0.0078,  0.2066],  
 [-0.0008,  -0.0193,  -0.1206,  -0.0601,  0.2921,  -0.1593,  0.0043,  0.0256,  0.0407,  -0.5400,  -0.0109,  0.1758,  0.0102,  -0.0029,  0.0046,  -1.4434,  0.0014,  0.1034,  -0.0003,  -0.0250,  -0.0364,  0.5154,  0.0344,  -0.1313,  0.0037,  0.0185,  0.1524,  -0.1668,  -0.4715,  0.0775],  
 [0.2789,  -0.0312,  0.0601,  -3.9580,  -4.4283,  0.4120,  0.0351,  -0.1353,  -0.1698,  2.5751,  0.5069,  -0.4001,  0.0682,  -0.2795,  -1.0139,  -0.3696,  -1.6121,  -4.0318,  -0.2113,  -0.1344,  -0.2597,  3.0262,  -1.5077,  -2.2152,  -0.1656,  -0.0639,  -0.1668,  10.5592,  3.9048,  0.1173],  
 [0.1420,  0.1053,  0.2921,  4.4283,  -16.8757,  0.7158,  0.3606,  0.0398,  0.1674,  -1.7686,  3.7422,  2.7454,  0.2258,  0.0084,  0.2225,  -1.3120,  -0.2328,  0.1032,  -0.3016,  0.0329,  -0.0413,  0.1413,  -3.5290,  -1.5173,  0.2040,  -0.0078,  -0.4715,  3.9048,  30.7692,  -0.9983],  
 [0.2060,  -0.1896,  -0.1593,  -0.4120,  0.7158,  -23.2334,  0.0588,  -0.0062,  0.0105,  -0.1995,  1.8133,  0.8480,  2.4424,  0.0203,  -0.0609,  -4.5254,  -0.2268,  -1.3562,  -0.1281,  -0.0227,  -0.0786,  0.7674,  -2.1720,  -1.6629,  0.2066,  0.2066,  0.0775,  0.1173,  -0.9983,  26.4174]]
[[63.5644,  3.5043,  -1.6034,  0.2215,  0.0236,  1.3865,  -15.7393,  -2.1655,  -1.2488,  -0.0293,  -0.1639,  0.9369,  10.8551,  -2.5888,  6.4435,  0.4049,  -0.6094,  0.7570,  49.3128,  -2.4562,  -17.2574,  0.1489,  0.4711,  -0.2745,  30.0191,  -14.5170,  -1.0403,  0.0070,  -0.0462,  -0.0430],  
 [3.5043,  54.3639,  -2.4560,  -0.0213,  -0.2696,  -0.3506,  -3.0084,  -20.4673,  -0.7994,  0.1555,  -0.0694,  0.8660,  0.1633,  3.3088,  -3.2323,  -0.5079,  -0.3469,  -0.0138,  19.2103,  -12.3210,  7.6622,  0.1794,  0.4169,  -0.9976,  14.5170,  26.9754,  -2.1268,  0.0751,  -0.2454,  -0.3450],  
 [-1.6034,  -2.4560,  26.8349,  -0.3357,  0.3921,  0.3888,  -3.6315,  0.7750,  -6.7412,  -0.3539,  -0.2651,  0.3717,  -1.2563,  1.6131,  0.1506,  -0.8798,  0.2470,  -0.0909,  -0.2094,  4.4456,  -6.5798,  -0.4033,  -0.2588,  -0.2304,  1.0403,  -2.1268,  13.4124,  0.0287,  0.1971,  0.3950],  
 [0.2215,  -0.0213,  -0.3357,  0.1849,  0.0155,  0.0061,  -0.5697,  -0.0767,  -0.2069,  -0.0058,  -0.0112,  0.0353,  0.1658,  -0.0895,  -0.4258,  0.0237,  -0.0092,  0.0041,  0.1407,  -0.4213,  0.2879,  0.0258,  0.0010,  0.0162,  0.0070,  -0.0751,  -0.0287,  0.0324,  -0.0092,  -0.0056],  
 [0.0236,  -0.2696,  0.3921,  0.0155,  0.0603,  0.0084,  -0.0366,  0.1444,  0.0846,  0.0031,  -0.0014,  -0.0156,  -0.0063,  0.0330,  -0.0567,  -0.0074,  0.0099,  -0.0015,  -0.2546,  0.0577,  -0.0539,  0.0048,  -0.0116,  0.0021,  0.0462,  -0.2454,  0.1971,  0.0092,  0.0272,  0.0057],  
 [1.3865,  -0.3506,  0.3888,  0.0061,  0.0084,  0.2506,  0.5758,  0.6556,  0.2359,  0.0082,  0.0254,  -0.0383,  0.6271,  -0.1516,  0.1861,  0.0217,  -0.0498,  0.0333,  1.7146,  0.2046,  -0.3871,  0.0183,  0.0337,  0.0018,  0.0430,  -0.3450,  0.3950,  0.0056,  0.0057,  0.1662],  
 [-15.7393,  -3.0084,  -3.6315,  -0.5697,  -0.0366,  0.5758,  248.8525,  40.0808,  -90.6757,  -3.4910,  -2.1621,  -10.4654,  -8.1422,  11.7737,  5.9582,  -0.1634,  -4.9561,  0.8490,  84.8418,  23.5744,  -23.3926,  -0.3533,  0.5018,  -2.9189,  -49.3128,  19.2103,  -0.2094,  -0.1407,  -0.2546,  1.7146],  
 [-2.1655,  -20.4673,  0.7750,  -0.0767,  0.1444,  0.6556,  40.0808,  181.4097,  27.6016,  3.2025,  2.1837,  -6.3627,  8.5839,  4.3436,  -11.9552,  2.7974,  -1.3678,  -0.0421,  23.5744,  18.5441,  -9.8144,  0.8056,  -0.2711,  -0.3670,  2.4562,  -12.3210,  4.4456,  0.4213,  0.0577,  0.2046],  
 [-1.2488,  -0.7994,  -6.7412,  -0.2069,  0.0846,  0.2359,  -90.6757,  27.6016,  351.5830,  17.6121,  7.8838,  -8.6356,  6.4587,  2.7154,  -18.2339,  2.2154,  0.0291,  -0.4914,  -23.3926,  -9.8144,  54.7578,  2.5571,  0.5143,  -0.5666,  17.2574,  7.6622,  -6.5798,  -0.2879,  -0.0539,  -0.3871],  
 [-0.0293,  0.1555,  -0.3539,  -0.0058,  0.0031,  0.0082,  -3.4910,  3.2025,  17.6121,  1.2378,  0.3805,  -0.4110,  -0.1586,  -0.0429,  -0.1823,  0.0064,  -0.0220,  0.0013,  -0.3533,  0.8056,  2.5571,  0.1760,  0.0077,  -0.0711,  -0.1489,  0.1794,  -0.4033,  -0.0258,  0.0048,  0.0183],  
 [-0.1639,  -0.0694,  -0.2651,  -0.0112,  -0.0014,  0.0254,  -2.1621,  2.1837,  7.8838,  0.3805,  0.5362,  -0.1824,  -0.1023,  0.1239,  -0.6051,  0.0910,  -0.0837,  0.0051,  0.5018,  -0.2711,  0.5143,  0.0077,  0.1789,  -0.0625,  -0.4711,  0.4169,  -0.2588,  -0.0010,  -0.0116,  0.0337],  
 [0.9369,  0.8660,  0.3717,  0.0353,  -0.0156,  -0.0383,  -10.4654,  -6.3627,  -8.6356,  -0.4110,  -0.1824,  1.2833,  -0.7388,  -1.0228,  0.6287,  -0.1749,  0.2070,  0.0083,  -2.9189,  -0.3670,  -0.5666,  -0.0711,  -0.0625,  0.1570,  0.2745,  -0.9976,  -0.2304,  -0.0162,  0.0021,  0.0018],  
 [10.8551,  0.1633,  -1.2563,  0.1658,  -0.0063,  0.6271,  -8.1422,  8.5839,  6.4587,  -0.1586,  -0.1023,  -0.7388,  13.5195,  0.0000,  -0.0000,  0.8001,  -0.0000,  0.0000,  8.1422,  -8.5839,  -6.4587,  0.1586,  0.1023,  0.7388,  10.8551,  -0.1633,  1.2563,  0.1658,  0.0063,  -0.6271],  
 [-2.5888,  3.3088,  1.6131,  -0.0895,  0.0330,  -0.1516,  11.7737,  4.3436,  2.7154,  -0.0429,  0.1239,  -1.0228,  0.0000,  13.2602,  -4.7432,  0.0000,  -0.5091,  -0.1524,  11.7737,  4.3436,  2.7154,  -0.0429,  0.1239,  -1.0228,  2.5888,  3.3088,  1.6131,  0.0895,  0.0330,  -0.1516],  
 [6.4435,  -3.2323,  0.1506,  -0.4258,  -0.0567,  0.1861,  5.9582,  -11.9552,  -18.2339,  -0.1823,  -0.6051,  0.6287,  -0.0000,  -4.7432,  16.9675,  -0.0000,  0.3388,  0.2451,  5.9582,  -11.9552,  -18.2339,  -0.1823,  -0.6051,  0.6287,  -6.4435,  -3.2323,  0.1506,  0.4258,  -0.0567,  0.1861],  
 [0.4049,  -0.5079,  -0.8798,  0.0237,  -0.0074,  0.0217,  -0.1634,  2.7974,  2.2154,  0.0064,  0.0910,  -0.1749,  0.8001,  0.0000,  -0.0000,  0.3461,  -0.0000,  0.0000,  0.1634,  -2.7974,  -2.2154,  -0.0064,  -0.0910,  0.1749,  0.4049,  0.5079,  0.8798,  0.0237,  0.0074,  -0.0217],  
 [-0.6094,  -0.3469,  0.2470,  -0.0092,  0.0099,  -0.0498,  -4.9561,  -1.3678,  0.0291,  -0.0220,  -0.0837,  0.2070,  -0.0000,  -0.5091,  0.3388,  -0.0000,  0.2526,  -0.0301,  -4.9561,  -1.3678,  0.0291,  -0.0220,  -0.0837,  0.2070,  0.6094,  -0.3469,  0.2470,  0.0092,  0.0099,  -0.0498],  
 [0.7570,  -0.0138,  -0.0909,  0.0041,  -0.0015,  0.0333,  0.8490,  -0.0421,  -0.4914,  0.0013,  0.0051,  0.0083,  0.0000,  -0.1524,  0.2451,  0.0000,  -0.0301,  0.0500,  0.8490,  -0.0421,  -0.4914,  0.0013,  0.0051,  0.0083,  -0.7570,  -0.0138,  -0.0909,  -0.0041,  -0.0015,  0.0333],  
 [49.3128,  19.2103,  -0.2094,  0.1407,  -0.2546,  1.7146,  84.8418,  23.5744,  -23.3926,  -0.3533,  0.5018,  -2.9189,  8.1422,  11.7737,  5.9582,  0.1634,  -4.9561,  0.8490,  248.8525,  40.0808,  -90.6757,  -3.4910,  -2.1621,  -10.4654,  15.7393,  -3.0084,  -3.6315,  0.5697,  -0.0366,  0.5758],  
 [-2.4562,  -12.3210,  4.4456,  -0.4213,  0.0577,  0.2046,  23.5744,  18.5441,  -9.8144,  0.8056,  -0.2711,  -0.3670,  -8.5839,  4.3436,  -11.9552,  -2.7974,  -1.3678,  -0.0421,  40.0808,  181.4097,  27.6016,  3.2025,  2.1837,  -6.3627,  2.1655,  -20.4673,  0.7750,  0.0767,  0.1444,  0.6556],  
 [-17.2574,  7.6622,  -6.5798,  0.2879,  -0.0539,  -0.3871,  -23.3926,  -9.8144,  54.7578,  2.5571,  0.5143,  -0.5666,  -6.4587,  2.7154,  -18.2339,  -2.2154,  0.0291,  -0.4914,  -90.6757,  27.6016,  351.5830,  17.6121,  7.8838,  -8.6356,  1.2488,  -0.7994,  -6.7412,  0.2069,  0.0846,  0.2359],  
 [0.1489,  0.1794,  -0.4033,  0.0258,  0.0048,  0.0183,  -0.3533,  0.8056,  2.5571,  0.1760,  0.0077,  -0.0711,  0.1586,  -0.0429,  -0.1823,  -0.0064,  -0.0220,  0.0013,  -3.4910,  3.2025,  17.6121,  1.2378,  0.3805,  -0.4110,  0.0293,  0.1555,  -0.3539,  0.0058,  0.0031,  0.0082],  
 [0.4711,  0.4169,  -0.2588,  0.0010,  -0.0116,  0.0337,  0.5018,  -0.2711,  0.5143,  0.0077,  0.1789,  -0.0625,  0.1023,  0.1239,  -0.6051,  -0.0910,  -0.0837,  0.0051,  -2.1621,  2.1837,  7.8838,  0.3805,  0.5362,  -0.1824,  0.1639,  -0.0694,  -0.2651,  0.0112,  -0.0014,  0.0254],  
 [-0.2745,  -0.9976,  -0.2304,  0.0162,  0.0021,  0.0018,  -2.9189,  -0.3670,  -0.5666,  -0.0711,  -0.0625,  0.1570,  0.7388,  -1.0228,  0.6287,  0.1749,  0.2070,  0.0083,  -10.4654,  -6.3627,  -8.6356,  -0.4110,  -0.1824,  1.2833,  -0.9369,  0.8660,  0.3717,  -0.0353,  -0.0156,  -0.0383],  
 [30.0191,  14.5170,  1.0403,  0.0070,  0.0462,  0.0430,  -49.3128,  2.4562,  17.2574,  -0.1489,  -0.4711,  0.2745,  10.8551,  2.5888,  -6.4435,  0.4049,  0.6094,  -0.7570,  15.7393,  2.1655,  1.2488,  0.0293,  0.1639,  -0.9369,  63.5644,  -3.5043,  1.6034,  0.2215,  -0.0236,  -1.3865],  
 [-14.5170,  26.9754,  -2.1268,  -0.0751,  -0.2454,  -0.3450,  19.2103,  -12.3210,  7.6622,  0.1794,  0.4169,  -0.9976,  -0.1633,  3.3088,  -3.2323,  0.5079,  -0.3469,  -0.0138,  -3.0084,  -20.4673,  -0.7994,  0.1555,  -0.0694,  0.8660,  -3.5043,  54.3639,  -2.4560,  0.0213,  -0.2696,  -0.3506],  
 [-1.0403,  -2.1268,  13.4124,  -0.0287,  0.1971,  0.3950,  -0.2094,  4.4456,  -6.5798,  -0.4033,  -0.2588,  -0.2304,  1.2563,  1.6131,  0.1506,  0.8798,  0.2470,  -0.0909,  -3.6315,  0.7750,  -6.7412,  -0.3539,  -0.2651,  0.3717,  1.6034,  -2.4560,  26.8349,  0.3357,  0.3921,  0.3888],  
 [0.0070,  0.0751,  0.0287,  0.0324,  0.0092,  0.0056,  -0.1407,  0.4213,  -0.2879,  -0.0258,  -0.0010,  -0.0162,  0.1658,  0.0895,  0.4258,  0.0237,  0.0092,  -0.0041,  0.5697,  0.0767,  0.2069,  0.0058,  0.0112,  -0.0353,  0.2215,  0.0213,  0.3357,  0.1849,  -0.0155,  -0.0061],  
 [-0.0462,  -0.2454,  0.1971,  -0.0092,  0.0272,  0.0057,  -0.2546,  0.0577,  -0.0539,  0.0048,  -0.0116,  0.0021,  0.0063,  0.0330,  -0.0567,  0.0074,  0.0099,  -0.0015,  -0.0366,  0.1444,  0.0846,  0.0031,  -0.0014,  -0.0156,  -0.0236,  -0.2696,  0.3921,  -0.0155,  0.0603,  0.0084],  
 [-0.0430,  -0.3450,  0.3950,  -0.0056,  0.0057,  0.1662,  1.7146,  0.2046,  -0.3871,  0.0183,  0.0337,  0.0018,  -0.6271,  -0.1516,  0.1861,  -0.0217,  -0.0498,  0.0333,  0.5758,  0.6556,  0.2359,  0.0082,  0.0254,  -0.0383,  -1.3865,  -0.3506,  0.3888,  -0.0061,  0.0084,  0.2506]]
